2.80294	4.33587	0.00994
2.81052	4.21498	0.01021
2.81809	4.0462	0.01047
2.82566	3.95397	0.01074
2.83324	3.79381	0.01111
2.84081	3.63558	0.01163
2.84839	3.50069	0.01216
2.85596	3.28751	0.01268
2.86353	3.18369	0.0136
2.87111	3.04881	0.01464
2.87868	2.82134	0.01568
2.88625	2.62954	0.01679
2.89383	2.39631	0.01836
2.9014	2.27484	0.01994
2.90897	2.1685	0.02151
2.91655	2.04553	0.02304
2.92412	1.93108	0.02452
2.93169	1.81554	0.026
2.93927	1.72063	0.02748
2.94684	1.63444	0.02594
2.95442	1.65702	0.02387
2.96199	1.68408	0.0218
2.96956	1.60382	0.02041
2.97714	1.47641	0.02139
2.98471	1.46057	0.02237
2.99228	1.44422	0.02335
2.99986	1.42674	0.02378
3.00743	1.40406	0.02381
3.015	1.32197	0.02384
3.02258	1.27734	0.02387
3.03015	1.22606	0.02428
3.03773	1.18484	0.0247
3.0453	1.22647	0.02512
3.05287	1.20014	0.02545
3.06045	1.17437	0.02559
3.06802	1.13396	0.02573
3.07559	1.17214	0.02587
3.08317	1.2116	0.02757
3.09074	1.23789	0.03
3.09831	1.27935	0.03243
3.10589	1.31994	0.03462
3.11346	1.35316	0.0319
3.12103	1.42785	0.02918
3.12861	1.50207	0.02646
3.13618	1.60891	0.02438
3.14376	1.7291	0.02322
3.15133	1.83729	0.02206
3.1589	1.89054	0.0209
3.16648	1.99002	0.01962
3.17405	2.15083	0.0183
3.18162	2.35133	0.01699
3.1892	2.51735	0.01576
3.19677	2.65862	0.01505
3.20434	2.73242	0.01434
3.21192	2.8021	0.01363
3.21949	2.99623	0.01335
3.22706	3.16489	0.01349
3.23464	3.35961	0.01363
3.24221	3.51412	0.01376
3.24979	3.62583	0.01325
3.25736	3.7454	0.01265
3.26493	3.99351	0.01205
3.27251	4.20017	0.01147
3.28008	4.35195	0.01097
3.28765	4.51524	0.01046
3.29523	4.73571	0.00996
3.3028	4.8623	0.00959
3.31037	4.99406	0.00931
3.31795	5.27256	0.00903
3.32552	5.44352	0.00875
3.3331	5.56878	0.00843
3.34067	5.76147	0.0081
3.34824	6.02959	0.00778
3.35582	6.19347	0.00753
3.36339	6.32133	0.00741
3.37096	6.45833	0.0073
3.37854	6.64931	0.00718
3.38611	6.79016	0.00732
3.39368	6.86447	0.00756
3.40126	6.94159	0.0078
3.40883	7.04159	0.00805
3.4164	7.14299	0.00827
3.42398	7.28088	0.00848
3.43155	7.381	0.0087
3.43913	7.46516	0.00928
3.4467	7.57223	0.01031
3.45427	7.67782	0.01135
3.46185	7.73972	0.01239
3.46942	7.80207	0.01205
3.47699	8.00961	0.01137
3.48457	8.21322	0.01068
3.49214	8.3774	0.01004
3.49971	8.53366	0.00961
3.50729	8.6488	0.00917
3.51486	8.76544	0.00874
3.52243	8.88073	0.0083
3.53001	8.96767	0.00786
3.53758	9.05542	0.00743
3.54516	9.19812	0.00699
3.55273	9.36346	0.00685
3.5603	9.50285	0.00675
3.56788	9.6428	0.00665
3.57545	9.86692	0.00656
3.58302	10.03689	0.00649
3.5906	10.10659	0.00642
3.59817	10.17673	0.00636
3.60574	10.24731	0.0063
3.61332	10.32327	0.00626
3.62089	10.41178	0.00621
3.62847	10.501	0.00616
3.63604	10.59093	0.00611
3.64361	10.69474	0.00605
3.65119	10.86341	0.006
3.65876	11.03882	0.00592
3.66633	11.25526	0.00581
3.67391	11.39777	0.00569
3.68148	11.50346	0.00557
3.68905	11.61009	0.00551
3.69663	11.71021	0.00548
3.7042	11.77823	0.00544
3.71177	11.8466	0.0054
3.71935	11.91531	0.00533
3.72692	11.98437	0.00526
3.7345	12.08471	0.00519
3.74207	12.20363	0.00514
3.74964	12.32367	0.00512
3.75722	12.13671	0.0051
3.76479	12.28711	0.00508
3.77236	12.43933	0.00505
3.77994	12.59337	0.00501
3.78751	12.74928	0.00497
3.79508	12.89834	0.00493
3.80266	13.02863	0.00488
3.81023	13.16019	0.00484
3.81781	13.29302	0.00479
3.82538	13.4131	0.00475
3.83295	13.52676	0.00472
3.84053	13.64133	0.0047
3.8481	13.75587	0.00467
3.85567	13.83435	0.00465
3.86325	13.91323	0.00462
3.87082	13.99251	0.0046
3.87839	14.07219	0.00458
3.88597	14.15226	0.00456
3.89354	14.29621	0.00454
3.90111	14.45236	0.00452
3.90869	14.5829	0.00448
3.91626	14.63334	0.00445
3.92384	14.68391	0.00441
3.93141	14.73459	0.00437
3.93898	14.7854	0.00437
3.94656	14.83663	0.00436
3.95413	14.9604	0.00435
3.9617	15.08515	0.00434
3.96928	15.12759	0.00431
3.97685	15.11018	0.00428
3.98442	15.09273	0.00425
3.992	15.07944	0.0069
3.99957	15.17713	0.01051
4.00714	15.27539	0.01413
4.01472	15.37424	0.01738
4.02229	15.47368	0.01743
4.02987	15.39672	0.01748
4.03744	15.45133	0.01753
4.04501	15.67818	0.01758
4.05259	15.90831	0.01763
4.06016	16.06073	0.01768
4.06773	16.02109	0.01774
4.07531	15.98151	0.01754
4.08288	15.94196	0.0173
4.09045	15.94789	0.01705
4.09803	16.12352	0.01697
4.1056	16.14775	0.01757
4.11318	15.97344	0.01816
4.12075	15.80095	0.01875
4.12832	15.98234	0.01917
4.1359	16.22028	0.01944
4.14347	16.42803	0.01972
4.15104	16.60096	0.02
4.15862	16.76001	0.01956
4.16619	16.87539	0.01906
4.17376	16.9915	0.01856
4.18134	17.10835	0.01804
4.18891	17.38451	0.01747
4.19648	17.46022	0.0169
4.20406	17.12891	0.01633
4.21163	17.0354	0.0168
4.21921	15.99014	0.01779
4.22678	15.1817	0.01879
4.23435	12.97421	0.02048
4.24193	9.34384	0.05039
4.2495	6.64331	0.08029
4.25707	4.30411	0.1102
4.26465	1.94793	0.11649
4.27222	3.67889	0.08578
4.27979	6.70613	0.05507
4.28737	11.35126	0.02436
4.29494	14.88658	0.01576
4.30252	16.08403	0.01432
4.31009	16.58856	0.01289
4.31766	16.80643	0.01161
4.32524	17.08482	0.01146
4.33281	17.16769	0.01131
4.34038	17.34729	0.01116
4.34796	17.28297	0.01103
4.35553	17.67894	0.01094
4.3631	17.55554	0.01084
4.37068	18.00769	0.01074
4.37825	17.36682	0.01066
4.38582	17.18333	0.01059
4.3934	17.25753	0.01051
4.40097	17.61982	0.01044
4.40855	17.62312	0.01039
4.41612	17.53109	0.01035
4.42369	17.89177	0.0103
4.43127	17.98897	0.01031
4.43884	17.99113	0.01037
4.44641	17.7696	0.01042
4.45399	17.73724	0.01047
4.46156	17.7702	0.01065
4.46913	17.24751	0.01083
4.47671	17.6559	0.01101
4.48428	17.3885	0.01114
4.49185	17.82226	0.01115
4.49943	17.84251	0.01116
4.507	18.28482	0.01117
4.51458	18.08872	0.01133
4.52215	17.73685	0.01155
4.52972	17.9099	0.01177
4.5373	18.25911	0.012
4.54487	18.23142	0.01227
4.55244	17.97261	0.01255
4.56002	18.31358	0.01282
4.56759	18.26628	0.01299
4.57516	18.70201	0.013
4.58274	18.79463	0.01301
4.59031	18.50483	0.01302
4.59789	18.63246	0.01304
4.60546	18.17496	0.01306
4.61303	18.07827	0.01308
4.62061	18.64893	0.01305
4.62818	18.44692	0.01269
4.63575	19.17724	0.01233
4.64333	19.89819	0.01196
4.6509	19.36592	0.01225
4.65847	20.12361	0.01316
4.66605	18.35664	0.01407
4.67362	15.66329	0.01498
4.68119	17.34643	0.01414
4.68877	19.34059	0.01303
4.69634	19.78806	0.01193
4.70392	19.70159	0.01108
4.71149	19.66908	0.01106
4.71906	20.03381	0.01104
4.72664	20.1904	0.01103
4.73421	20.23653	0.0111
4.74178	20.61115	0.01124
4.74936	20.01819	0.01138
4.75693	20.20928	0.01152
4.7645	20.21401	0.01144
4.77208	20.73886	0.01134
4.77965	21.10123	0.01125
4.78722	20.72239	0.01123
4.7948	20.88202	0.01137
4.80237	20.5611	0.01151
4.80995	20.91544	0.01164
4.81752	21.03067	0.01159
4.82509	21.01736	0.01145
4.83267	20.76821	0.01131
4.84024	20.78803	0.01117
4.84781	21.12153	0.01103
4.85539	20.6641	0.01088
4.86296	21.18276	0.01074
4.87053	21.32237	0.01055
4.87811	21.30387	0.01031
4.88568	21.60151	0.01007
4.89326	21.98493	0.00983
4.90083	20.98065	0.00976
4.9084	21.56075	0.00975
4.91598	21.891	0.00974
4.92355	21.50776	0.00969
4.93112	21.69819	0.00948
4.9387	21.89025	0.00927
4.94627	22.08395	0.00906
4.95384	22.27933	0.00892
4.96142	22.47637	0.00884
4.96899	22.67511	0.00875
4.97656	22.87555	0.00867
4.98414	23.07771	0.00858
4.99171	23.2816	0.00849
4.99929	23.4417	0.0084
5.00686	23.59805	0.00837
5.01443	23.75539	0.00849
5.02201	23.90176	0.00861
5.02958	23.95482	0.00873
5.03715	24.00796	0.00882
5.04473	24.06115	0.0089
5.0523	24.11441	0.00898
5.05987	24.16773	0.00906
5.06745	24.22112	0.00912
5.07502	24.27692	0.00919
5.0826	24.34704	0.00925
5.09017	24.41731	0.00927
5.09774	24.48773	0.00921
5.10532	24.5583	0.00915
5.11289	24.62902	0.0091
5.12046	24.69988	0.00918
5.12804	24.93737	0.00932
5.13561	25.20269	0.00947
5.14318	25.18807	0.00959
5.15076	25.1734	0.0095
5.15833	25.15869	0.00942
5.1659	25.14393	0.00933
5.17348	25.12913	0.00934
5.18105	25.16321	0.00947
5.18863	25.41441	0.0096
5.1962	25.43211	0.00973
5.20377	25.44978	0.01019
5.21135	25.4674	0.01073
5.21892	25.48498	0.01127
5.22649	25.50252	0.01169
5.23407	25.52002	0.01155
5.24164	25.5457	0.01141
5.24921	25.59462	0.01127
5.25679	25.64357	0.0111
5.26436	25.69256	0.01091
5.27193	25.7416	0.01071
5.27951	25.79067	0.01052
5.28708	25.83979	0.01045
5.29466	25.84229	0.0104
5.30223	25.8295	0.01034
5.3098	25.81666	0.01028
5.31738	25.80378	0.01019
5.32495	25.79085	0.0101
5.33252	25.84277	0.01001
5.3401	25.91227	0.00988
5.34767	25.98191	0.00973
5.35524	26.05168	0.00958
5.36282	26.12159	0.00944
5.37039	26.17795	0.00935
5.37797	26.14223	0.00927
5.38554	26.10651	0.00919
5.39311	26.07079	0.00913
5.40069	26.03506	0.00914
5.40826	25.99933	0.00915
5.41583	25.9636	0.00915
5.42341	25.78108	0.00918
5.43098	26.77483	0.00922
5.43855	26.72068	0.00926
5.44613	26.66658	0.00928
5.4537	26.61254	0.00909
5.46127	26.55856	0.00891
5.46885	26.50464	0.00873
5.47642	26.73669	0.00862
5.484	27.02193	0.0086
5.49157	27.18103	0.00858
5.49914	27.31576	0.00856
5.50672	27.4511	0.00859
5.51429	27.58706	0.00863
5.52186	27.72364	0.00867
5.52944	27.71434	0.00868
5.53701	27.56059	0.00862
5.54458	27.40765	0.00856
5.55216	27.2555	0.0085
5.55973	27.26701	0.00842
5.5673	27.31927	0.00831
5.57488	27.37158	0.0082
5.58245	27.42394	0.0081
5.59003	27.47635	0.00802
5.5976	27.52881	0.00794
5.60517	27.58132	0.00786
5.61275	27.57909	0.0078
5.62032	27.47083	0.00778
5.62789	27.36295	0.00775
5.63547	27.25544	0.00773
5.64304	27.1483	0.00772
5.65061	27.04154	0.00772
5.65819	26.98624	0.00772
5.66576	26.9377	0.00772
5.67334	26.8892	0.00773
5.68091	26.84074	0.00775
5.68848	26.92557	0.00776
5.69606	27.02421	0.00773
5.70363	27.11258	0.00762
5.7112	27.01961	0.00752
5.71878	26.92691	0.00741
5.72635	26.83448	0.00741
5.73392	26.74232	0.00745
5.7415	26.60547	0.0075
5.74907	26.43894	0.00753
5.75664	26.2734	0.00755
5.76422	26.10885	0.00756
5.77179	25.95263	0.00757
5.77937	25.7997	0.00755
5.78694	25.68885	0.00749
5.79451	25.76779	0.00744
5.80209	25.84692	0.00738
5.80966	25.92626	0.00743
5.81723	26.0058	0.0075
5.82481	25.71642	0.00758
5.83238	25.27585	0.00764
5.83995	24.98917	0.00768
5.84753	24.81309	0.00772
5.8551	24.67729	0.00777
5.86268	24.54218	0.00773
5.87025	24.40778	0.00764
5.87782	24.39127	0.00755
5.8854	24.40076	0.00746
5.89297	24.41022	0.00742
5.90054	24.41963	0.00739
5.90812	24.42901	0.00735
5.91569	24.43836	0.00732
5.92326	24.23348	0.0073
5.93084	24.00954	0.00728
5.93841	23.78762	0.00726
5.94598	23.74334	0.00721
5.95356	23.84779	0.00715
5.96113	23.95266	0.00709
5.96871	24.05795	0.00703
5.97628	24.16367	0.00702
5.98385	24.26981	0.00701
5.99143	24.37638	0.007
5.999	24.48338	0.00701
6.00657	24.12248	0.00703
6.01415	23.93934	0.00705
6.02172	23.87191	0.00708
6.02929	23.80463	0.00713
6.03687	23.73751	0.00718
6.04444	23.46074	0.00724
6.05201	23.18159	0.00729
6.05959	23.47719	0.00727
6.06716	23.77652	0.00725
6.07474	24.07964	0.00723
6.08231	24.35775	0.00722
6.08988	24.6349	0.00721
6.09746	24.90894	0.00719
6.10503	24.97369	0.00718
6.1126	25.03857	0.00718
6.12018	25.10357	0.00718
6.12775	25.16871	0.00718
6.13532	25.23398	0.00715
6.1429	25.29938	0.00701
6.15047	25.36491	0.00687
6.15805	25.43057	0.00674
6.16562	25.49693	0.00669
6.17319	25.60225	0.00669
6.18077	25.70796	0.0067
6.18834	25.81407	0.00671
6.19591	25.92058	0.00667
6.20349	26.02749	0.00662
6.21106	26.1348	0.00657
6.21863	26.24251	0.0065
6.22621	26.33294	0.00639
6.23378	26.39161	0.00628
6.24135	26.45038	0.00617
6.24893	26.50924	0.00611
6.2565	26.56819	0.00608
6.26408	26.62724	0.00604
6.27165	26.7663	0.00601
6.27922	27.00715	0.00599
6.2868	27.25013	0.00598
6.29437	27.49526	0.00596
6.30194	27.67236	0.00594
6.30952	27.75314	0.00593
6.31709	27.83412	0.00592
6.32466	27.9153	0.00591
6.33224	27.99667	0.00591
6.33981	28.07824	0.00591
6.34738	28.14339	0.00592
6.35496	28.19809	0.00592
6.36253	28.25285	0.00589
6.37011	28.30768	0.00587
6.37768	28.36258	0.00584
6.38525	28.35196	0.00587
6.39283	28.18659	0.00594
6.4004	28.02214	0.00602
6.40797	27.85862	0.00609
6.41555	27.69438	0.00604
6.42312	27.45402	0.00597
6.43069	27.2957	0.0059
6.43827	27.40271	0.00585
6.44584	27.5101	0.00586
6.45342	27.61788	0.00586
6.46099	27.72604	0.00587
6.46856	27.83459	0.00592
6.47614	27.94352	0.006
6.48371	27.66557	0.00608
6.49128	27.44841	0.00616
6.49886	27.60829	0.00608
6.50643	27.76906	0.006
6.514	27.93073	0.00591
6.52158	28.0933	0.00586
6.52915	28.25678	0.00587
6.53672	28.42118	0.00588
6.5443	28.4073	0.00588
6.55187	28.34604	0.0059
6.55945	28.28488	0.00592
6.56702	28.22381	0.00594
6.57459	28.16284	0.00596
6.58217	28.10196	0.00597
6.58974	28.03003	0.00597
6.59731	27.95231	0.00597
6.60489	27.87476	0.00599
6.61246	27.7974	0.00605
6.62003	27.72021	0.0061
6.62761	27.6432	0.00616
6.63518	27.56637	0.00612
6.64276	27.6108	0.00605
6.65033	28.05574	0.00599
6.6579	28.03982	0.00595
6.66548	28.02387	0.00599
6.67305	28.00789	0.00604
6.68062	27.99188	0.00609
6.6882	27.97585	0.00614
6.69577	27.95979	0.00621
6.70334	27.9437	0.00628
6.71092	27.92759	0.00635
6.71849	27.95829	0.00635
6.72606	28.02833	0.00635
6.73364	28.0985	0.00634
6.74121	28.16882	0.00633
6.74879	28.23927	0.00633
6.75636	28.30987	0.00632
6.76393	28.38061	0.00631
6.77151	28.27926	0.00633
6.77908	28.13231	0.00636
6.78665	27.98609	0.0064
6.79423	27.84307	0.00644
6.8018	27.89386	0.00779
6.80937	27.9447	0.00914
6.81695	27.99561	0.01049
6.82452	28.04657	0.01132
6.83209	28.09759	0.01123
6.83967	28.14867	0.01114
6.84724	28.1998	0.01105
6.85482	28.251	0.01093
6.86239	28.33165	0.01079
6.86996	28.4931	0.01066
6.87754	28.65543	0.01053
6.88511	28.81864	0.0104
6.89268	28.98276	0.01026
6.90026	29.14777	0.01013
6.90783	29.13099	0.01006
6.9154	28.94629	0.01005
6.92298	28.76272	0.01005
6.93055	28.58029	0.01004
6.93813	28.39898	0.01004
6.9457	28.21878	0.01004
6.95327	28.28835	0.01004
6.96085	28.44883	0.01002
6.96842	28.77987	0.00989
6.97599	29.35621	0.00976
6.98357	29.34541	0.00963
6.99114	29.33458	0.00956
6.99871	29.32373	0.00952
7.00629	29.31284	0.00949
7.01386	29.30192	0.00946
7.02143	29.29097	0.00947
7.02901	29.28	0.00947
7.03658	29.26899	0.00948
7.04416	29.25795	0.00949
7.05173	29.85703	0.00949
7.0593	29.93468	0.0095
7.06688	30.0125	0.00951
7.07445	30.09049	0.00946
7.08202	30.16864	0.00937
7.0896	30.24697	0.00928
7.09717	30.32546	0.0092
7.10474	30.40412	0.00932
7.11232	30.48295	0.00944
7.11989	30.45082	0.00956
7.12746	30.39267	0.00964
7.13504	30.3346	0.00967
7.14261	30.2766	0.00969
7.15019	30.21868	0.00972
7.15776	30.16083	0.00972
7.16533	30.10306	0.00971
7.17291	30.11211	0.0097
7.18048	30.19014	0.00968
7.18805	30.26833	0.00963
7.19563	30.3467	0.00957
7.2032	30.42524	0.00951
7.21077	30.50394	0.00945
7.21835	30.58282	0.0094
7.22592	30.66187	0.00934
7.2335	30.74108	0.00929
7.24107	30.82047	0.00933
7.24864	30.87852	0.00939
7.25622	30.92343	0.00945
7.26379	30.96838	0.00947
7.27136	31.01336	0.00938
7.27894	31.05836	0.00929
7.28651	31.10341	0.0092
7.29408	31.14848	0.0091
7.30166	31.19358	0.00901
7.30923	31.23872	0.00892
7.3168	31.28388	0.00882
7.32438	31.30077	0.00886
7.33195	31.31411	0.00891
7.33953	31.32741	0.00896
7.3471	31.34069	0.00897
7.35467	31.35394	0.00893
7.36225	31.36716	0.00888
7.36982	31.38036	0.00883
7.37739	31.39352	0.00875
7.38497	31.40666	0.00866
7.39254	31.4176	0.00857
7.40011	31.39402	0.00849
7.40769	31.37043	0.0085
7.41526	31.34682	0.00852
7.42284	31.3232	0.00853
7.43041	31.29956	0.00852
7.43798	31.27591	0.00846
7.44556	31.25224	0.0084
7.45313	31.24447	0.00833
7.4607	31.29787	0.00838
7.46828	31.35133	0.00847
7.47585	31.40485	0.00855
7.48342	31.45842	0.00861
7.491	31.51206	0.00853
7.49857	31.56575	0.00844
7.50614	31.61951	0.00835
7.51372	31.67332	0.00832
7.52129	31.72719	0.00834
7.52887	31.70589	0.00836
7.53644	31.63779	0.00838
7.54401	31.5698	0.00847
7.55159	31.50193	0.00858
7.55916	31.43417	0.00868
7.56673	31.36653	0.00876
7.57431	31.299	0.00879
7.58188	31.23658	0.00881
7.58945	31.28001	0.00883
7.59703	31.32347	0.00885
7.6046	31.36696	0.00888
7.61217	31.41047	0.00891
7.61975	31.45402	0.00894
7.62732	31.4976	0.00893
7.6349	31.5412	0.00892
7.64247	31.58484	0.00891
7.65004	31.6285	0.0089
7.65762	31.67219	0.00892
7.66519	31.69644	0.00894
7.67276	31.71753	0.00895
7.68034	31.7386	0.00894
7.68791	31.75965	0.00891
7.69548	31.78068	0.00887
7.70306	31.8017	0.00885
7.71063	31.8227	0.00891
7.71821	31.84369	0.00897
7.72578	31.86466	0.00903
7.73335	31.88561	0.00908
7.74093	31.96288	0.00912
7.7485	32.08247	0.00915
7.75607	32.20247	0.00919
7.76365	32.32288	0.00912
7.77122	32.44372	0.00903
7.77879	32.56498	0.00893
7.78637	32.68666	0.00886
7.79394	32.80877	0.00887
7.80151	32.79037	0.00888
7.80909	32.73426	0.0089
7.81666	32.67822	0.00888
7.82424	32.62225	0.00883
7.83181	32.56634	0.00878
7.83938	32.51049	0.00873
7.84696	32.45471	0.00885
7.85453	32.399	0.009
7.8621	32.34335	0.00915
7.86968	32.28776	0.00928
7.87725	32.24811	0.00936
7.88482	32.24268	0.00943
7.8924	32.23723	0.0095
7.89997	32.23175	0.00958
7.90755	32.22623	0.00966
7.91512	32.22069	0.00973
7.92269	32.21513	0.00981
7.93027	32.20953	0.0099
7.93784	32.2039	0.01
7.94541	32.19825	0.01009
7.95299	32.19256	0.01016
7.96056	32.16431	0.01019
7.96813	32.12808	0.01022
7.97571	32.09185	0.01025
7.98328	32.05565	0.01032
7.99085	32.01945	0.01041
7.99843	31.98326	0.0105
8.006	31.94709	0.0106
8.01358	31.87733	0.01073
8.02115	31.65588	0.01086
8.02872	31.43593	0.01099
8.0363	31.21749	0.0111
8.04387	31.00054	0.01118
8.05144	31.13219	0.01126
8.05902	31.2137	0.01134
8.06659	30.95732	0.01138
8.07416	30.70303	0.01141
8.08174	30.4508	0.01145
8.08931	30.2476	0.01149
8.09688	30.14574	0.01154
8.10446	30.0442	0.01158
8.11203	29.94297	0.01163
8.11961	29.84206	0.01168
8.12718	29.74147	0.01172
8.13475	29.64118	0.01176
8.14233	29.49314	0.0118
8.1499	29.3055	0.01189
8.15747	29.11902	0.01198
8.16505	28.94578	0.01207
8.17262	28.77618	0.01216
8.18019	28.60756	0.01227
8.18777	28.4399	0.01237
8.19534	28.36096	0.01248
8.20292	28.31589	0.01251
8.21049	28.27086	0.01249
8.21806	28.22589	0.01246
8.22564	28.18096	0.01244
8.23321	28.13607	0.01248
8.24078	28.09124	0.01251
8.24836	27.99118	0.01255
8.25593	27.88248	0.01261
8.2635	27.77419	0.01273
8.27108	27.66629	0.01285
8.27865	27.55878	0.01297
8.28622	27.47736	0.01306
8.2938	27.40259	0.01313
8.30137	27.32801	0.0132
8.30895	27.2536	0.01327
8.31652	27.1322	0.01333
8.32409	26.79637	0.01339
8.33167	26.53711	0.01345
8.33924	26.43009	0.01351
8.34681	26.32348	0.01357
8.35439	26.21728	0.01362
8.36196	26.11149	0.01368
8.36953	25.93594	0.0138
8.37711	25.72831	0.01393
8.38468	25.52232	0.01407
8.39225	25.34214	0.01419
8.39983	25.19762	0.01424
8.4074	25.05391	0.01429
8.41498	24.88285	0.01434
8.42255	24.69467	0.01439
8.43012	24.5079	0.01444
8.4377	24.30483	0.0145
8.44527	24.09879	0.01455
8.45284	23.89448	0.01456
8.46042	23.75419	0.01457
8.46799	23.61661	0.01458
8.47556	23.47981	0.01457
8.48314	23.37552	0.01451
8.49071	23.28725	0.01445
8.49829	23.1993	0.01439
8.50586	23.11166	0.01437
8.51343	23.02434	0.01438
8.52101	22.90331	0.01439
8.52858	22.7807	0.01441
8.53615	22.65873	0.01443
8.54373	22.53395	0.01446
8.5513	22.40769	0.01448
8.55887	22.28213	0.01457
8.56645	22.10309	0.01477
8.57402	21.90837	0.01496
8.58159	21.71535	0.01515
8.58917	21.48582	0.0152
8.59674	21.30468	0.0152
8.60432	21.18398	0.01519
8.61189	21.06395	0.01521
8.61946	20.94459	0.01536
8.62704	20.81933	0.01552
8.63461	20.6563	0.01567
8.64218	20.49454	0.01591
8.64976	20.33414	0.01623
8.65733	20.17532	0.01655
8.6649	20.01772	0.01687
8.67248	19.83159	0.01708
8.68005	19.59615	0.01728
8.68763	19.36349	0.01747
8.6952	19.18387	0.0177
8.70277	19.00967	0.0181
8.71035	18.92535	0.01849
8.71792	18.84139	0.01888
8.72549	18.7578	0.01911
8.73307	18.67455	0.01922
8.74064	18.58865	0.01933
8.74821	18.50146	0.01944
8.75579	18.41466	0.0196
8.76336	18.32826	0.01976
8.77093	18.24225	0.01993
8.77851	18.14362	0.02015
8.78608	18.01205	0.02051
8.79366	17.76228	0.02087
8.80123	17.35951	0.02123
8.8088	17.13318	0.02149
8.81638	16.93027	0.0217
8.82395	16.76274	0.0219
8.83152	16.59685	0.02211
8.8391	16.56089	0.02236
8.84667	16.69467	0.02261
8.85424	16.34049	0.02286
8.86182	15.9717	0.02312
8.86939	16.17142	0.02338
8.87696	15.67774	0.02364
8.88454	15.34079	0.02389
8.89211	15.15144	0.02405
8.89969	15.03634	0.02418
8.90726	14.9221	0.0243
8.91483	14.80986	0.02442
8.92241	14.71879	0.02451
8.92998	14.62827	0.02459
8.93755	14.5383	0.02467
8.94513	14.44887	0.02477
8.9527	14.34389	0.02488
8.96027	14.22797	0.02499
8.96785	14.11297	0.0251
8.97542	13.9989	0.02496
8.983	13.88434	0.02478
8.99057	13.75559	0.02461
8.99814	13.62803	0.02461
9.00572	13.48343	0.02524
9.01329	13.13092	0.02587
9.02086	13.04539	0.02651
9.02844	13.15441	0.0268
9.03601	12.96238	0.02687
9.04358	12.64883	0.02694
9.05116	12.43071	0.027
9.05873	12.38429	0.02686
9.0663	12.33804	0.0267
9.07388	12.29194	0.02654
9.08145	12.24601	0.02649
9.08903	12.20025	0.0267
9.0966	12.12142	0.0269
9.10417	12.00863	0.02711
9.11175	11.89689	0.02723
9.11932	11.82009	0.02731
9.12689	11.7857	0.02739
9.13447	11.7514	0.02748
9.14204	11.71719	0.02768
9.14961	11.68308	0.02788
9.15719	11.64905	0.02808
9.16476	11.61512	0.028
9.17233	11.58031	0.02753
9.17991	11.54539	0.02705
9.18748	11.51057	0.02658
9.19506	11.47585	0.02719
9.20263	11.38431	0.0281
9.2102	11.1025	0.02901
9.21778	10.96645	0.02983
9.22535	10.89475	0.03007
9.23292	10.82351	0.03031
9.2405	10.75238	0.03055
9.24807	10.67833	0.0307
9.25564	10.60478	0.03078
9.26322	10.50947	0.03086
9.27079	10.39438	0.03093
9.27837	10.28055	0.0314
9.28594	10.2073	0.03193
9.29351	10.13727	0.03245
9.30109	9.97138	0.03294
9.30866	9.81704	0.03332
9.31623	9.71569	0.03371
9.32381	9.61538	0.03409
9.33138	9.53893	0.03419
9.33895	9.5545	0.0341
9.34653	9.57008	0.03401
9.3541	9.58569	0.03393
9.36167	9.60131	0.034
9.36925	9.61695	0.03408
9.37682	9.63262	0.03416
9.3844	9.6483	0.0342
9.39197	9.664	0.03415
9.39954	9.67972	0.0341
9.40712	9.69546	0.03404
9.41469	9.71122	0.03409
9.42226	9.68926	0.03418
9.42984	9.6222	0.03427
9.43741	9.55561	0.03441
9.44498	9.48947	0.03513
9.45256	9.43884	0.03584
9.46013	9.40268	0.03656
9.46771	9.36665	0.03719
9.47528	9.33075	0.0377
9.48285	9.29499	0.03821
9.49043	9.25888	0.03872
9.498	9.21992	0.03854
9.50557	9.18112	0.03818
9.51315	9.14248	0.03783
9.52072	9.10399	0.03752
9.52829	9.0762	0.03744
9.53587	9.05325	0.03737
9.54344	9.03036	0.03729
9.55101	9.00751	0.03725
9.55859	8.98472	0.03724
9.56616	8.96198	0.03723
9.57374	8.9393	0.03722
9.58131	8.91666	0.03813
9.58888	8.88897	0.03915
9.59646	8.85333	0.04017
9.60403	8.81782	0.04063
9.6116	8.78246	0.03955
9.61918	8.74723	0.03846
9.62675	8.75006	0.03737
9.63432	8.78687	0.03791
9.6419	8.82383	0.03941
9.64947	8.84104	0.04091
9.65704	8.85828	0.04241
9.66462	8.87554	0.04108
9.67219	8.89283	0.03972
9.67977	8.91015	0.03836
9.68734	8.92749	0.03758
9.69491	8.94487	0.03782
9.70249	8.96227	0.03807
9.71006	8.97971	0.03831
9.71763	8.98312	0.03789
9.72521	8.95354	0.03722
9.73278	8.92405	0.03654
9.74035	8.89465	0.036
9.74793	8.86534	0.03672
9.7555	8.83613	0.03745
9.76308	8.807	0.03818
9.77065	8.79997	0.03823
9.77822	8.86088	0.03747
9.7858	8.9222	0.0367
9.79337	8.98394	0.03593
9.80094	9.0461	0.0358
9.80852	9.10869	0.03582
9.81609	9.15929	0.03583
9.82366	9.17234	0.03566
9.83124	9.1854	0.03471
9.83881	9.19848	0.03376
9.84638	9.21157	0.03281
9.85396	9.22467	0.03263
9.86153	9.23778	0.03308
9.86911	9.25091	0.03352
9.87668	9.26405	0.03397
9.88425	9.27721	0.03457
9.89183	9.29038	0.03519
9.8994	9.30356	0.0358
9.90697	9.34223	0.03612
9.91455	9.39107	0.03567
9.92212	9.44016	0.03522
9.92969	9.4895	0.03478
9.93727	9.53909	0.03455
9.94484	9.58893	0.03444
9.95241	9.63903	0.03433
9.95999	9.68939	0.03422
9.96756	9.73764	0.03392
9.97514	9.76196	0.03361
9.98271	9.78634	0.0333
9.99028	9.81077	0.03304
9.99786	9.83525	0.03283
10.00543	9.85979	0.03263
10.013	9.88439	0.03243
10.02058	9.90904	0.03249
10.02815	9.93374	0.03265
10.03572	9.95851	0.03281
10.0433	9.98333	0.03292
10.05087	10.01207	0.03264
10.05845	10.04165	0.03235
10.06602	10.07132	0.03207
10.07359	10.10106	0.03172
10.08117	10.13089	0.03131
10.08874	10.16079	0.03089
10.09631	10.19078	0.03047
10.10389	10.22086	0.03044
10.11146	10.32809	0.03049
10.11903	10.43783	0.03055
10.12661	10.51792	0.03049
10.13418	10.58717	0.03
10.14175	10.65686	0.0295
10.14933	10.727	0.02901
10.1569	10.7976	0.02885
10.16448	10.86866	0.02893
10.17205	10.92593	0.02902
10.17962	10.98107	0.0291
10.1872	11.03648	0.02889
10.19477	11.09217	0.02866
10.20234	11.14813	0.02843
10.20992	11.19459	0.02833
10.21749	11.22713	0.02853
10.22506	11.25975	0.02872
10.23264	11.29246	0.02892
10.24021	11.32526	0.02879
10.24779	11.35815	0.02849
10.25536	11.39113	0.02818
10.26293	11.4242	0.0279
10.27051	11.45736	0.02807
10.27808	11.49061	0.02824
10.28565	11.47406	0.02841
10.29323	11.44711	0.02827
10.3008	11.42023	0.02765
10.30837	11.3934	0.02702
10.31595	11.43417	0.02639
10.32352	11.50437	0.02632
10.33109	11.575	0.02641
10.33867	11.64544	0.02651
10.34624	11.71447	0.02665
10.35382	11.78389	0.02715
10.36139	11.85373	0.02764
10.36896	11.92397	0.02813
10.37654	11.99462	0.02829
10.38411	12.05496	0.02808
10.39168	12.11126	0.02788
10.39926	12.16781	0.02768
10.40683	12.22462	0.02793
10.4144	12.28168	0.02827
10.42198	12.35101	0.0286
10.42955	12.42288	0.02882
10.43712	12.49516	0.02864
10.4447	12.56786	0.02847
10.45227	12.64097	0.02829
10.45985	12.67908	0.02838
10.46742	12.69546	0.02866
10.47499	12.71185	0.02893
10.48257	12.72825	0.0292
10.49014	12.74467	0.0294
10.49771	12.76111	0.0296
10.50529	12.77756	0.0298
10.51286	12.79402	0.03008
10.52043	12.8105	0.03056
10.52801	12.827	0.03103
10.53558	12.8435	0.0315
10.54316	12.86003	0.03188
10.55073	12.87656	0.0322
10.5583	12.89312	0.03253
10.56588	12.92058	0.03285
10.57345	12.95619	0.03304
10.58102	12.99189	0.03322
10.5886	13.02768	0.0334
10.59617	13.06357	0.03347
10.60374	13.09955	0.03335
10.61132	13.13562	0.03324
10.61889	13.17178	0.03312
10.62646	13.2176	0.03371
10.63404	13.28439	0.0345
10.64161	13.35152	0.03528
10.64919	13.41897	0.03591
10.65676	13.48676	0.0356
10.66433	13.55489	0.03528
10.67191	13.65287	0.03496
10.67948	13.79875	0.03467
10.68705	13.94619	0.03439
10.69463	14.12895	0.03412
10.7022	14.32802	0.03385
10.70977	14.52293	0.03378
10.71735	14.49212	0.03375
10.72492	14.46136	0.03372
10.73249	14.43066	0.03385
10.74007	14.40001	0.03451
10.74764	14.36943	0.03516
10.75522	14.3389	0.03582
10.76279	14.30843	0.03585
10.77036	14.27802	0.03547
10.77794	14.24767	0.03509
10.78551	14.21737	0.03471
10.79308	14.18713	0.03455
10.80066	14.15695	0.03439
10.80823	14.14762	0.03424
10.8158	14.16377	0.03411
10.82338	14.17992	0.03403
10.83095	14.19608	0.03394
10.83853	14.21226	0.03386
10.8461	14.22845	0.03346
10.85367	14.24464	0.03292
10.86125	14.26085	0.03238
10.86882	14.27708	0.03186
10.87639	14.41316	0.03164
10.88397	14.73726	0.03142
10.89154	14.96532	0.03119
10.89911	15.12078	0.03093
10.90669	15.27784	0.03062
10.91426	15.43653	0.03031
10.92183	15.75798	0.03001
10.92941	16.15518	0.02985
10.93698	16.11306	0.02974
10.94456	16.07104	0.02962
10.95213	16.02912	0.02961
10.9597	15.98731	0.03013
10.96728	15.9456	0.03064
10.97485	15.90398	0.03116
10.98242	15.86247	0.03142
10.99	15.82106	0.03145
10.99757	15.77975	0.03148
11.00514	15.73854	0.03151
11.01272	15.69743	0.0314
11.02029	15.69066	0.03128
11.02787	15.74017	0.03115
11.03544	15.78983	0.03108
11.04301	15.83965	0.03114
11.05059	15.88961	0.0312
11.05816	15.93972	0.03126
11.06573	15.98998	0.03107
11.07331	16.04039	0.03072
11.08088	16.09096	0.03038
11.08845	16.14167	0.03003
11.09603	16.19528	0.02976
11.1036	16.32561	0.0295
11.11117	16.45698	0.02923
11.11875	16.54254	0.02911
11.12632	16.59178	0.02925
11.1339	16.64115	0.0294
11.14147	16.69066	0.02954
11.14904	16.74031	0.02945
11.15662	16.7901	0.02926
11.16419	16.84003	0.02908
11.17176	16.8901	0.02888
11.17934	16.94032	0.02852
11.18691	17.19421	0.02816
11.19448	17.48292	0.02781
11.20206	17.72036	0.0275
11.20963	17.86768	0.02725
11.2172	18.01622	0.02701
11.22478	18.16599	0.02676
11.23235	18.31699	0.02656
11.23993	18.46924	0.02637
11.2475	18.38904	0.02618
11.25507	18.29117	0.02608
11.26265	18.31121	0.02639
11.27022	18.33126	0.0267
11.27779	18.35133	0.02702
11.28537	18.37141	0.02723
11.29294	18.3915	0.02735
11.30051	18.41161	0.02747
11.30809	18.43174	0.0276
11.31566	18.45187	0.02733
11.32324	18.47524	0.02702
11.33081	18.53945	0.02671
11.33838	18.60387	0.02632
11.34596	18.6685	0.02573
11.35353	18.73335	0.02514
11.3611	18.79842	0.02456
11.36868	18.86371	0.02475
11.37625	18.93568	0.02538
11.38382	19.01275	0.02601
11.3914	19.09012	0.02664
11.39897	19.16779	0.0265
11.40654	19.24577	0.02636
11.41412	19.32406	0.02622
11.42169	19.40267	0.02601
11.42927	19.48158	0.02569
11.43684	19.5608	0.02537
11.44441	19.63562	0.02505
11.45199	19.70997	0.02467
11.45956	19.7846	0.02428
11.46713	19.85949	0.02389
11.47471	19.93467	0.02354
11.48228	20.01011	0.02357
11.48985	20.08584	0.0236
11.49743	20.18837	0.02363
11.505	20.39795	0.02355
11.51258	20.57442	0.02335
11.52015	20.66073	0.02314
11.52772	20.74739	0.02293
11.5353	20.8344	0.02303
11.54287	20.92177	0.02318
11.55044	21.0095	0.02334
11.55802	21.09759	0.02342
11.56559	21.18603	0.02322
11.57316	21.25602	0.02301
11.58074	21.31186	0.0228
11.58831	21.36784	0.02268
11.59588	21.42396	0.02264
11.60346	21.48021	0.02259
11.61103	21.5366	0.02254
11.61861	21.59313	0.02271
11.62618	21.6498	0.0229
11.63375	21.8659	0.02309
11.64133	22.12034	0.02304
11.6489	22.37773	0.02244
11.65647	22.63811	0.02183
11.66405	22.17524	0.02123
11.67162	23.02972	0.02118
11.67919	22.96001	0.02143
11.68677	22.86823	0.02168
11.69434	22.7768	0.02192
11.70191	22.68573	0.02216
11.70949	22.59502	0.0224
11.71706	22.50466	0.02264
11.72464	22.41465	0.02279
11.73221	22.32499	0.0228
11.73978	22.23568	0.02282
11.74736	22.28274	0.02283
11.75493	22.35371	0.02257
11.7625	22.51813	0.02222
11.77008	22.99363	0.02186
11.77765	23.56841	0.02152
11.78522	23.93041	0.0212
11.7928	23.99512	0.02089
11.80037	24.05999	0.02058
11.80795	24.12504	0.02056
11.81552	24.19024	0.02085
11.82309	24.25562	0.02114
11.83067	24.32116	0.02142
11.83824	24.38686	0.02119
11.84581	24.45274	0.02086
11.85339	24.51878	0.02054
11.86096	24.58499	0.02029
11.86853	24.65137	0.02031
11.87611	24.70693	0.02033
11.88368	24.72568	0.02034
11.89125	24.74444	0.0203
11.89883	24.7632	0.0202
11.9064	24.78197	0.02011
11.91398	24.80074	0.02001
11.92155	24.81952	0.02011
11.92912	24.8383	0.02021
11.9367	24.85709	0.02032
11.94427	24.47306	0.02048
11.95184	23.66706	0.02079
11.95942	22.8876	0.02109
11.96699	22.88268	0.0214
11.97456	23.03904	0.02126
11.98214	22.48978	0.02091
11.98971	23.55802	0.02057
11.99728	24.09183	0.02024
12.00486	24.07734	0.02028
12.01243	24.06285	0.02032
12.02001	24.04836	0.02036
12.02758	24.03387	0.02057
12.03515	24.01937	0.02102
12.04273	24.00488	0.02148
12.0503	23.99039	0.02194
12.05787	23.97589	0.02194
12.06545	23.9614	0.02181
12.07302	23.9469	0.02168
12.08059	23.9324	0.02158
12.08817	23.9179	0.02168
12.09574	23.90341	0.02177
12.10332	23.88891	0.02187
12.11089	23.56037	0.02199
12.11846	23.41742	0.02213
12.12604	23.56238	0.02228
12.13361	23.70822	0.02242
12.14118	23.85496	0.02253
12.14876	24.00259	0.02264
12.15633	24.15113	0.02274
12.1639	24.30059	0.02289
12.17148	24.45095	0.02318
12.17905	24.60224	0.02346
12.18662	24.75445	0.02375
12.1942	24.85618	0.0305
12.20177	24.7715	0.04153
12.20935	24.68709	0.05257
12.21692	24.60297	0.0636
12.22449	24.51912	0.06247
12.23207	24.56157	0.06092
12.23964	25.59461	0.05938
12.24721	25.77292	0.05734
12.25479	25.66166	0.05432
12.26236	25.55087	0.0513
12.26993	25.44055	0.04828
12.27751	25.3307	0.04684
12.28508	25.22131	0.04608
12.29266	25.11238	0.04532
12.30023	25.15567	0.04455
12.3078	25.69668	0.04357
12.31538	25.85583	0.0426
12.32295	25.9552	0.04162
12.33052	26.05494	0.04058
12.3381	26.15506	0.03944
12.34567	26.25555	0.0383
12.35324	26.35642	0.03716
12.36082	26.47555	0.03638
12.36839	26.60346	0.03569
12.37596	26.73198	0.035
12.38354	26.86112	0.03415
12.39111	26.99086	0.03247
12.39869	27.12123	0.03078
12.40626	27.11915	0.0291
12.41383	26.97416	0.02818
12.42141	26.82994	0.02796
12.42898	26.68647	0.02774
12.43655	26.54765	0.02751
12.44413	26.41735	0.02688
12.4517	26.28767	0.02619
12.45927	26.15863	0.0255
12.46685	26.0302	0.02504
12.47442	25.9258	0.02525
12.48199	25.86741	0.02546
12.48957	25.80913	0.02568
12.49714	25.75098	0.02523
12.50472	25.69295	0.02438
12.51229	25.63505	0.02354
12.51986	25.54419	0.02269
12.52744	25.45047	0.02311
12.53501	25.35709	0.02354
12.54258	25.26404	0.02398
12.55016	25.7417	0.02455
12.55773	26.45111	0.02537
12.5653	26.80024	0.02619
12.57288	26.92945	0.02702
12.58045	27.05928	0.02613
12.58803	27.18972	0.02458
12.5956	27.32078	0.02302
12.60317	27.45247	0.02155
12.61075	27.58477	0.02107
12.61832	27.71067	0.02059
12.62589	27.72144	0.02012
12.63347	27.73219	0.01989
12.64104	27.74294	0.01996
12.64861	27.75369	0.02004
12.65619	27.76443	0.02012
12.66376	27.77516	0.02007
12.67133	27.78589	0.01998
12.67891	27.79661	0.0199
12.68648	27.80733	0.01982
12.69406	27.81804	0.01982
12.70163	27.82874	0.01981
12.7092	27.83944	0.01981
12.71678	27.85013	0.01981
12.72435	27.86082	0.0198
12.73192	27.8715	0.0198
12.7395	27.84268	0.01979
12.74707	27.75097	0.01994
12.75464	27.65955	0.02011
12.76222	27.56842	0.02028
12.76979	27.49415	0.02055
12.77736	27.53708	0.02111
12.78494	27.58007	0.02167
12.79251	27.62311	0.02224
12.80009	27.66621	0.02279
12.80766	27.70937	0.02333
12.81523	27.75259	0.02388
12.82281	27.79586	0.02442
12.83038	27.83919	0.0245
12.83795	27.88258	0.02457
12.84553	27.92603	0.02464
12.8531	27.96954	0.02473
12.86067	28.0131	0.02487
12.86825	28.05672	0.02501
12.87582	28.1004	0.02515
12.8834	28.14414	0.02557
12.89097	28.18794	0.02609
12.89854	28.2318	0.02661
12.90612	28.26968	0.02709
12.91369	28.30744	0.02729
12.92126	28.34523	0.02749
12.92884	28.38307	0.02769
12.93641	28.42094	0.02792
12.94398	28.45886	0.02819
12.95156	28.49681	0.02846
12.95913	28.53481	0.02873
12.9667	28.57285	0.02899
12.97428	28.61093	0.02925
12.98185	28.64905	0.02951
12.98943	28.68721	0.02983
12.997	28.72542	0.03039
13.00457	28.76366	0.03095
13.01215	28.80194	0.03151
13.01972	28.84027	0.03214
13.02729	28.87864	0.0328
13.03487	28.91705	0.03347
13.04244	28.93333	0.03414
13.05001	28.90624	0.03452
13.05759	28.87918	0.03488
13.06516	28.85213	0.03525
13.07274	28.82509	0.03584
13.08031	28.79807	0.03699
13.08788	28.77106	0.03813
13.09546	28.74408	0.03928
13.10303	28.7171	0.03933
13.1106	28.69014	0.03881
13.11818	28.6632	0.03828
13.12575	28.63628	0.03778
13.13332	28.60937	0.03855
13.1409	28.58247	0.03931
13.14847	28.52359	0.04007
13.15604	28.40272	0.04062
13.16362	28.28234	0.04084
13.17119	28.16247	0.04106
13.17877	28.0431	0.04127
13.18634	27.92422	0.04184
13.19391	27.80584	0.04252
13.20149	27.68795	0.0432
13.20906	27.57055	0.04371
13.21663	27.60938	0.04288
13.22421	27.78612	0.04205
13.23178	27.96399	0.04123
13.23935	28.13444	0.04114
13.24693	28.30477	0.04183
13.2545	28.47612	0.04253
13.26207	28.6485	0.04322
13.26965	28.81762	0.04286
13.27722	28.98723	0.04231
13.2848	29.15783	0.04176
13.29237	29.32942	0.04135
13.29994	29.50201	0.04142
13.30752	29.58314	0.04149
13.31509	29.62847	0.04156
13.32266	29.67385	0.04136
13.33024	29.71929	0.04097
13.33781	29.7648	0.04058
13.34538	29.81036	0.04019
13.35296	29.85598	0.04017
13.36053	29.90167	0.04018
13.36811	29.94741	0.04018
13.37568	29.99322	0.04002
13.38325	30.03908	0.0395
13.39083	30.08501	0.03897
13.3984	30.13099	0.03844
13.40597	30.17704	0.03783
13.41355	30.22561	0.03718
13.42112	30.27513	0.03654
13.42869	30.32472	0.03592
13.43627	30.37438	0.03607
13.44384	30.42412	0.03623
13.45141	30.47392	0.03638
13.45899	30.5238	0.03647
13.46656	30.57375	0.03644
13.47414	30.62377	0.03642
13.48171	30.67386	0.0364
13.48928	30.72402	0.03616
13.49686	30.70533	0.03587
13.50443	30.5604	0.03558
13.512	30.41615	0.0354
13.51958	30.27257	0.03598
13.52715	30.12966	0.03655
13.53472	30.02261	0.03713
13.5423	29.92272	0.0375
13.54987	29.82316	0.03766
13.55744	29.72392	0.03782
13.56502	29.62501	0.03799
13.57259	29.52641	0.03789
13.58017	29.42813	0.03774
13.58774	29.33017	0.0376
13.59531	29.26284	0.03756
13.60289	29.24503	0.03782
13.61046	29.22723	0.03808
13.61803	29.20942	0.03834
13.62561	29.19162	0.03839
13.63318	29.17383	0.0383
13.64075	29.15603	0.03822
13.64833	29.13823	0.03814
13.6559	29.12044	0.03815
13.66348	29.10265	0.03816
13.67105	29.08486	0.03817
13.67862	29.14674	0.03805
13.6862	29.21724	0.03766
13.69377	29.28791	0.03727
13.70134	29.35873	0.03688
13.70892	29.42971	0.03666
13.71649	29.50086	0.03651
13.72406	29.57217	0.03637
13.73164	29.64365	0.03623
13.73921	29.71528	0.03637
13.74678	29.78709	0.0365
13.75436	29.85008	0.03664
13.76193	29.88008	0.03678
13.76951	29.91011	0.03693
13.77708	29.94016	0.03709
13.78465	29.97023	0.03724
13.79223	30.00032	0.03717
13.7998	30.03043	0.03704
13.80737	30.06056	0.03691
13.81495	30.09072	0.03676
13.82252	30.12089	0.03651
13.83009	30.15109	0.03625
13.83767	30.18131	0.036
13.84524	30.21155	0.03583
13.85282	30.24181	0.03575
13.86039	30.27209	0.03566
13.86796	30.49902	0.03557
13.87554	30.85838	0.03551
13.88311	31.10713	0.03546
13.89068	31.07097	0.0354
13.89826	31.03485	0.03546
13.90583	30.99876	0.03587
13.9134	30.9627	0.03627
13.92098	30.92668	0.03668
13.92855	30.89068	0.03706
13.93612	30.85472	0.03742
13.9437	30.8188	0.03778
13.95127	30.7829	0.03814
13.95885	30.74704	0.03849
13.96642	30.71121	0.03883
13.97399	30.67542	0.03917
13.98157	30.63965	0.03935
13.98914	30.60392	0.0392
13.99671	30.56823	0.03905
14.00429	30.53256	0.0389
14.01186	30.49693	0.03898
14.01943	30.46133	0.03914
14.02701	30.45574	0.03931
14.03458	30.46702	0.03947
14.04215	30.4783	0.03957
14.04973	30.48957	0.03967
14.0573	30.50084	0.03977
14.06488	30.5121	0.03997
14.07245	30.52336	0.04027
14.08002	30.53461	0.04058
14.0876	30.54586	0.04089
14.09517	30.5571	0.04085
14.10274	30.56834	0.04073
14.11032	30.57957	0.04061
14.11789	30.81062	0.04059
14.12546	31.07094	0.04106
14.13304	31.25267	0.04152
14.14061	31.36383	0.04199
14.14819	31.47538	0.04186
14.15576	31.58731	0.04121
14.16333	31.69963	0.04057
14.17091	31.81234	0.03993
14.17848	31.92545	0.04031
14.18605	32.03894	0.04079
14.19363	32.15283	0.04128
14.2012	32.26402	0.04148
14.20877	32.33108	0.04093
14.21635	32.39826	0.04038
14.22392	32.46558	0.03983
14.23149	32.53302	0.0399
14.23907	32.6006	0.04034
14.24664	32.6683	0.04077
14.25422	32.73614	0.0412
14.26179	32.80411	0.04089
14.26936	32.87221	0.04058
14.27694	32.94045	0.04027
14.28451	33.00881	0.0401
14.29208	33.05118	0.04017
14.29966	32.9619	0.04023
14.30723	32.87285	0.0403
14.3148	32.78403	0.04044
14.32238	32.69544	0.04062
14.32995	32.60708	0.0408
14.33753	32.51896	0.04097
14.3451	32.43106	0.04112
14.35267	32.34339	0.04126
14.36025	32.25595	0.04141
14.36782	32.18432	0.04158
14.37539	32.12361	0.04179
14.38297	32.06299	0.042
14.39054	32.00249	0.0422
14.39811	31.94209	0.04191
14.40569	31.88179	0.0415
14.41326	31.8216	0.0411
14.42083	31.76152	0.04082
14.42841	31.70154	0.04108
14.43598	31.64166	0.04134
14.44356	31.58189	0.04159
14.45113	31.52223	0.04133
14.4587	31.46266	0.04066
14.46628	31.4032	0.03998
14.47385	31.34385	0.0393
14.48142	31.2846	0.03952
14.489	31.48756	0.03982
14.49657	31.71191	0.04012
14.50414	31.93784	0.04023
14.51172	32.1146	0.03987
14.51929	32.17184	0.03951
14.52686	32.22917	0.03915
14.53444	32.28659	0.03928
14.54201	32.34411	0.03966
14.54959	32.40173	0.04004
14.55716	32.45943	0.0404
14.56473	32.51724	0.04008
14.57231	32.57513	0.03975
14.57988	32.63312	0.03942
14.58745	32.6912	0.03911
14.59503	32.74938	0.03883
14.6026	32.80766	0.03854
14.61017	32.86602	0.03825
14.61775	32.92449	0.0382
14.62532	32.98304	0.03823
14.6329	33.0417	0.03826
14.64047	33.07893	0.03824
14.64804	33.05291	0.03783
14.65562	33.02689	0.03742
14.66319	33.00089	0.03701
14.67076	32.9749	0.037
14.67834	32.94892	0.03741
14.68591	32.92296	0.03782
14.69348	32.897	0.03822
14.70106	32.87106	0.03806
14.70863	32.84513	0.03778
14.7162	32.81921	0.03751
14.72378	32.7933	0.03734
14.73135	32.7674	0.03757
14.73893	32.74152	0.03781
14.7465	32.71293	0.03804
14.75407	32.67924	0.03845
14.76165	32.64557	0.03897
14.76922	32.61193	0.0395
14.77679	32.57831	0.04002
14.78437	32.54472	0.04028
14.79194	32.51116	0.04051
14.79951	32.47762	0.04075
14.80709	32.44411	0.04107
14.81466	32.41063	0.04158
14.82223	32.37717	0.04209
14.82981	32.34374	0.04259
14.83738	32.31033	0.0426
14.84496	32.2694	0.04236
14.85253	32.19018	0.04212
14.8601	32.11116	0.04192
14.86768	32.03231	0.04265
14.87525	31.95366	0.04338
14.88282	31.87519	0.04411
14.8904	31.7969	0.0447
14.89797	31.71879	0.04508
14.90554	31.54965	0.04545
14.91312	31.34453	0.04583
14.92069	31.14073	0.047
14.92827	30.93825	0.04841
14.93584	30.78736	0.04983
14.94341	30.67699	0.05119
14.95099	30.567	0.05217
14.95856	30.45739	0.05315
14.96613	30.34818	0.05413
14.97371	30.23934	0.055
14.98128	30.03484	0.05575
14.98885	29.7962	0.0565
14.99643	29.55951	0.05725
15.004	29.32495	0.05869
15.01157	29.09223	0.06025
15.01915	28.91651	0.0618
15.02672	28.76339	0.06319
15.0343	28.61107	0.06399
15.04187	28.45955	0.0648
15.04944	28.30883	0.0656
15.05702	27.9098	0.06695
15.06459	27.40941	0.06867
15.07216	27.00462	0.07039
15.07974	27.00065	0.07212
15.08731	26.99667	0.07407
15.09488	26.99269	0.07604
15.10246	26.9887	0.07801
15.11003	26.9847	0.0797
15.11761	26.9807	0.08082
15.12518	26.97669	0.08194
15.13275	26.98089	0.08306
15.14033	27.0546	0.08391
15.1479	27.1285	0.08464
15.15547	27.20259	0.08538
15.16305	27.27688	0.08609
15.17062	27.35137	0.0864
15.17819	27.42606	0.08671
15.18577	27.50094	0.08703
15.19334	27.57602	0.08744
15.20091	27.65129	0.08799
15.20849	27.72677	0.08855
15.21606	27.80244	0.0891
15.22364	27.87832	0.08967
15.23121	27.95439	0.09025
15.23878	28.03067	0.09083
15.24636	28.0572	0.09159
15.25393	28.00557	0.09337
15.2615	27.95403	0.09515
15.26908	27.90257	0.09693
15.27665	27.8512	0.09818
15.28422	27.79992	0.09891
15.2918	27.74873	0.09965
15.29937	27.69763	0.10039
15.30694	27.64661	0.09944
15.31452	27.59568	0.09826
15.32209	27.54484	0.09709
15.32967	27.49408	0.09672
15.33724	27.11901	0.09883
15.34481	27.01138	0.10093
15.35239	27.18106	0.10303
15.35996	27.3518	0.10349
15.36753	27.5236	0.10291
15.37511	27.69648	0.10232
15.38268	27.87043	0.10174
15.39025	28.04547	0.10188
15.39783	28.22161	0.10204
15.4054	28.39884	0.10219
15.41298	28.57718	0.10212
15.42055	28.71157	0.1016
15.42812	28.75846	0.10108
15.4357	28.80542	0.10056
15.44327	28.85244	0.10037
15.45084	28.89954	0.10031
15.45842	28.94671	0.10025
15.46599	28.99395	0.10025
15.47356	29.04126	0.10094
15.48114	29.08863	0.10163
15.48871	29.13608	0.10231
15.49628	29.1836	0.10291
15.50386	29.23119	0.10339
15.51143	29.27885	0.10386
15.51901	29.32658	0.10434
15.52658	29.37438	0.10368
15.53415	29.42226	0.10274
15.54173	29.60852	0.10181
15.5493	29.82549	0.10111
15.55687	30.06034	0.10161
15.56445	30.35256	0.1021
15.57202	30.64762	0.1026
15.57959	30.87603	0.10174
15.58717	31.06471	0.09971
15.59474	31.25454	0.09768
15.60231	31.49786	0.09565
15.60989	32.03067	0.09589
15.61746	32.38437	0.09638
15.62504	32.47831	0.09686
15.63261	32.57251	0.09692
15.64018	32.66698	0.09579
15.64776	32.76171	0.09467
15.65533	32.85671	0.09354
15.6629	32.95197	0.09295
15.67048	33.04751	0.09269
15.67805	33.14331	0.09242
15.68562	33.20836	0.09216
15.6932	33.23621	0.09209
15.70077	33.26408	0.09202
15.70835	33.29196	0.09196
15.71592	33.31985	0.09153
15.72349	33.34776	0.09047
15.73107	33.37569	0.08941
15.73864	33.40363	0.08835
15.74621	33.43159	0.08747
15.75379	33.45957	0.08666
15.76136	33.48756	0.08586
15.76893	33.51556	0.08531
15.77651	33.54358	0.08727
15.78408	33.57162	0.08923
15.79165	33.59967	0.09119
15.79923	33.62774	0.0921
15.8068	33.65582	0.09176
15.81438	33.68392	0.09141
15.82195	33.69857	0.09107
15.82952	33.60308	0.09112
15.8371	33.50784	0.09125
15.84467	33.41286	0.09139
15.85224	33.31815	0.09145
15.85982	33.2237	0.09118
15.86739	33.12951	0.09091
15.87496	33.03299	0.09065
15.88254	32.9279	0.09103
15.89011	32.82314	0.09194
15.89769	32.7187	0.09286
15.90526	32.61458	0.09377
15.91283	32.51079	0.09445
15.92041	32.40732	0.09511
15.92798	32.30418	0.09576
15.93555	32.21319	0.0961
15.94313	32.15703	0.09561
15.9507	32.10096	0.09512
15.95827	32.04498	0.09463
15.96585	31.98909	0.09386
15.97342	31.93329	0.09293
15.98099	31.87758	0.092
15.98857	31.82196	0.0911
15.99614	31.76643	0.09179
16.00372	31.71099	0.09248
16.01129	31.65564	0.09317
16.01886	31.60038	0.09346
16.02644	31.54521	0.0931
16.03401	31.49013	0.09273
16.04158	31.40176	0.09237
16.04916	31.31005	0.09284
16.05673	31.2186	0.09359
16.0643	31.12741	0.09434
16.07188	31.03647	0.09496
16.07945	30.9458	0.09451
16.08702	30.87019	0.09406
16.0946	30.85571	0.09362
16.10217	30.84124	0.09265
16.10975	30.82677	0.09111
16.11732	30.81229	0.08958
16.12489	30.79782	0.08804
16.13247	30.78335	0.08779
16.14004	30.76887	0.08778
16.14761	30.7544	0.08777
16.15519	30.73993	0.08811
16.16276	30.72545	0.08983
16.17033	30.71098	0.09154
16.17791	30.69651	0.09325
16.18548	30.68203	0.08175
16.19306	30.66756	0.06037
16.20063	30.84322	0.039
16.2082	31.35776	0.01762
16.21578	31.88089	0.01618
16.22335	32.1056	0.01607
16.23092	32.17058	0.01596
16.2385	32.23569	0.01583
16.24607	32.30091	0.01565
16.25364	32.36627	0.01548
16.26122	32.43174	0.01531
16.26879	32.49735	0.01518
16.27636	32.56307	0.01507
16.28394	32.62893	0.01496
16.29151	32.69491	0.01485
16.29909	32.76102	0.0147
16.30666	32.82725	0.01456
16.31423	32.89361	0.01441
16.32181	32.9601	0.01438
16.32938	33.02671	0.01452
16.33695	33.09345	0.01466
16.34453	33.16032	0.0148
16.3521	33.13091	0.01461
16.35967	32.80539	0.01431
16.36725	32.48307	0.014
16.37482	32.35727	0.01375
16.38239	32.31749	0.01378
16.38997	32.27775	0.01382
16.39754	32.23805	0.01386
16.40512	32.1984	0.0138
16.41269	32.15878	0.01364
16.42026	32.11921	0.01349
16.42784	32.07968	0.01333
16.43541	32.0402	0.01355
16.44298	32.00075	0.01383
16.45056	31.96135	0.01411
16.45813	31.92198	0.01432
16.4657	31.88266	0.01432
16.47328	31.84338	0.01431
16.48085	31.80415	0.01431
16.48843	31.76977	0.01415
16.496	31.76479	0.0139
16.50357	31.75982	0.01364
16.51115	31.75483	0.01339
16.51872	31.74984	0.01328
16.52629	31.74485	0.01317
16.53387	31.73985	0.01307
16.54144	31.73484	0.01304
16.54901	31.72983	0.01318
16.55659	31.72481	0.01333
16.56416	31.71978	0.01347
16.57173	31.71475	0.01333
16.57931	31.70972	0.01306
16.58688	31.70468	0.01279
16.59446	31.69963	0.01254
16.60203	31.69457	0.01284
16.6096	31.68951	0.01314
16.61718	31.68445	0.01344
16.62475	31.67938	0.01364
16.63232	31.6743	0.01371
16.6399	31.66922	0.01377
16.64747	31.65398	0.01384
16.65504	31.63357	0.01375
16.66262	31.61317	0.01362
16.67019	31.59277	0.01348
16.67777	31.57238	0.01338
16.68534	31.552	0.01348
16.69291	31.53162	0.01358
16.70049	31.52735	0.01368
16.70806	31.54521	0.01382
16.71563	31.56307	0.01399
16.72321	31.58093	0.01417
16.73078	31.5988	0.01434
16.73835	31.61667	0.01444
16.74593	31.63454	0.01453
16.7535	31.65242	0.01462
16.76107	31.6703	0.01472
16.76865	31.68818	0.01488
16.77622	31.70607	0.01504
16.7838	31.72396	0.0152
16.79137	31.74186	0.0154
16.79894	31.75976	0.01562
16.80652	31.77766	0.01585
16.81409	31.79556	0.01607
16.82166	31.81347	0.01624
16.82924	31.83139	0.0164
16.83681	31.8493	0.01656
16.84438	31.86722	0.01674
16.85196	31.95453	0.01695
16.85953	32.05862	0.01715
16.8671	32.16305	0.01736
16.87468	32.26781	0.01755
16.88225	32.3729	0.01773
16.88983	32.47833	0.01791
16.8974	32.5841	0.01808
16.90497	32.69021	0.01808
16.91255	32.79665	0.01808
16.92012	32.90343	0.01808
16.92769	33.01056	0.01818
16.93527	33.03141	0.01842
16.94284	32.97316	0.01866
16.95041	32.91499	0.0189
16.95799	32.85693	0.01937
16.96556	32.79896	0.01991
16.97314	32.74109	0.02044
16.98071	32.68331	0.0209
16.98828	32.62563	0.02102
16.99586	32.56804	0.02114
17.00343	32.51055	0.02126
17.011	32.45315	0.02146
17.01858	32.39585	0.02175
17.02615	32.33864	0.02204
17.03372	32.28153	0.02232
17.0413	32.26292	0.02268
17.04887	32.24841	0.02305
17.05644	32.23391	0.02342
17.06402	32.21941	0.02375
17.07159	32.2049	0.02394
17.07917	32.1904	0.02414
17.08674	32.17589	0.02434
17.09431	32.16139	0.02445
17.10189	32.14689	0.02452
17.10946	32.13238	0.02459
17.11703	32.11788	0.02466
17.12461	32.10338	0.02501
17.13218	32.08888	0.02536
17.13975	32.07437	0.02571
17.14733	32.05987	0.02594
17.1549	32.04537	0.02596
17.16247	32.03087	0.02598
17.17005	32.01637	0.026
17.17762	32.00187	0.02623
17.1852	31.98737	0.02655
17.19277	31.97287	0.02686
17.20034	31.95837	0.02715
17.20792	31.94387	0.02709
17.21549	31.94648	0.02703
17.22306	31.97033	0.02697
17.23064	31.9942	0.02699
17.23821	32.01807	0.0271
17.24578	32.04196	0.02721
17.25336	32.06586	0.02732
17.26093	32.08977	0.02737
17.26851	32.11369	0.0274
17.27608	32.13763	0.02743
17.28365	32.16158	0.02746
17.29123	32.18553	0.02744
17.2988	32.2095	0.02743
17.30637	32.23349	0.02742
17.31395	32.25748	0.0273
17.32152	32.28148	0.0271
17.32909	32.3055	0.0269
17.33667	32.32953	0.0267
17.34424	32.32931	0.02655
17.35181	32.16337	0.02641
17.35939	31.99827	0.02626
17.36696	31.83401	0.02622
17.37454	31.67059	0.02647
17.38211	31.54257	0.02671
17.38968	31.49821	0.02695
17.39726	31.45392	0.02714
17.40483	31.40968	0.02729
17.4124	31.36549	0.02745
17.41998	31.32137	0.0276
17.42755	31.2773	0.02776
17.43512	31.23328	0.02793
17.4427	31.18932	0.02809
17.45027	31.14542	0.02824
17.45785	31.10157	0.02837
17.46542	31.05778	0.02849
17.47299	31.01405	0.02861
17.48057	31.00087	0.02869
17.48814	31.07487	0.02874
17.49571	31.14903	0.0288
17.50329	31.22338	0.02887
17.51086	31.29789	0.02902
17.51843	31.37257	0.02918
17.52601	31.44743	0.02933
17.53358	31.52245	0.02933
17.54115	31.59766	0.02917
17.54873	31.67303	0.029
17.5563	31.74858	0.02884
17.56388	31.8243	0.0287
17.57145	31.9002	0.02857
17.57902	31.97628	0.02843
17.5866	32.05252	0.02831
17.59417	32.12895	0.02826
17.60174	32.20555	0.0282
17.60932	32.28233	0.02814
17.61689	32.35928	0.028
17.62446	32.43519	0.0278
17.63204	32.50874	0.0276
17.63961	32.58244	0.0274
17.64718	32.65632	0.02764
17.65476	32.73035	0.02792
17.66233	32.80454	0.02819
17.66991	32.8789	0.02832
17.67748	32.95341	0.02811
17.68505	33.0281	0.02791
17.69263	33.10294	0.0277
17.7002	33.17795	0.02756
17.70777	33.25312	0.02745
17.71535	33.32846	0.02734
17.72292	33.40396	0.02722
17.73049	33.46133	0.02699
17.73807	33.41747	0.02676
17.74564	33.37366	0.02653
17.75322	33.3299	0.02644
17.76079	33.28619	0.02655
17.76836	33.24254	0.02666
17.77594	33.19894	0.02678
17.78351	33.15538	0.02677
17.79108	33.11188	0.02674
17.79866	33.06843	0.0267
17.80623	33.02503	0.02667
17.8138	33.01271	0.02675
17.82138	33.036	0.02682
17.82895	33.05931	0.0269
17.83652	33.08263	0.02697
17.8441	33.10596	0.02703
17.85167	33.1293	0.0271
17.85925	33.15264	0.02717
17.86682	33.176	0.02703
17.87439	33.19937	0.02687
17.88197	33.22276	0.0267
17.88954	33.24615	0.02659
17.89711	33.26955	0.02666
17.90469	33.29296	0.02673
17.91226	33.31638	0.02681
17.91983	33.33982	0.02699
17.92741	33.36326	0.02725
17.93498	33.38671	0.0275
17.94256	33.41018	0.02776
17.95013	33.43365	0.02756
17.9577	33.45714	0.02734
17.96528	33.48064	0.02711
17.97285	33.50414	0.02711
17.98042	33.52766	0.02756
17.988	33.57941	0.02802
17.99557	33.64101	0.02848
18.00314	33.70271	0.02862
18.01072	33.76452	0.02862
18.01829	33.82644	0.02861
18.02586	33.88847	0.02864
18.03344	33.9506	0.02916
18.04101	34.01284	0.02969
18.04859	34.07519	0.03021
18.05616	34.13765	0.03047
18.06373	34.20021	0.03034
18.07131	34.26289	0.03021
18.07888	34.32567	0.03008
18.08645	34.38857	0.03024
18.09403	34.45157	0.03049
18.1016	34.51468	0.03074
18.10917	34.5779	0.03098
18.11675	34.64123	0.03111
18.12432	34.70467	0.03125
18.13189	34.6807	0.03138
18.13947	34.54492	0.0316
18.14704	34.40967	0.03189
18.15462	34.27494	0.03218
18.16219	34.14073	0.03248
18.16976	34.00704	0.03257
18.17734	33.92534	0.03263
18.18491	33.93023	0.0327
18.19248	33.93511	0.03284
18.20006	33.93999	0.03325
18.20763	33.94486	0.03365
18.2152	33.94972	0.03405
18.22278	33.95458	0.03481
18.23035	33.95944	0.03579
18.23793	33.96429	0.03677
18.2455	33.96914	0.03776
18.25307	33.97398	0.03792
18.26065	33.97881	0.03806
18.26822	34.00261	0.0382
18.27579	34.10378	0.03807
18.28337	34.20524	0.03742
18.29094	34.307	0.03676
18.29851	34.40906	0.0361
18.30609	34.51141	0.03622
18.31366	34.61406	0.03666
18.32123	34.71702	0.03711
18.32881	34.82027	0.03752
18.33638	34.92162	0.03757
18.34396	34.93641	0.03762
18.35153	34.9512	0.03766
18.3591	34.96599	0.03781
18.36668	34.98078	0.03807
18.37425	34.99557	0.03834
18.38182	35.01036	0.0386
18.3894	35.02515	0.03851
18.39697	35.03994	0.03832
18.40454	35.05474	0.03814
18.41212	35.06953	0.03806
18.41969	35.08432	0.03854
18.42726	35.09911	0.03902
18.43484	35.1139	0.0395
18.44241	35.1287	0.03952
18.44999	35.14349	0.03914
18.45756	35.15828	0.03876
18.46513	35.17308	0.03838
18.47271	35.18787	0.03824
18.48028	35.20267	0.03812
18.48785	35.21746	0.03801
18.49543	35.23226	0.03786
18.503	35.24705	0.03761
18.51057	35.26185	0.03736
18.51815	35.27664	0.0371
18.52572	35.06112	0.03722
18.5333	34.80211	0.03756
18.54087	34.54501	0.0379
18.54844	34.38837	0.03823
18.55602	34.46544	0.03781
18.56359	34.54268	0.03738
18.57116	34.62009	0.03695
18.57874	34.69766	0.03686
18.58631	34.7754	0.03739
18.59388	34.85331	0.03792
18.60146	34.93139	0.03845
18.60903	35.00964	0.03842
18.6166	35.08806	0.03817
18.62418	35.16664	0.03793
18.63175	35.2454	0.03766
18.63933	35.32433	0.03717
18.6469	35.40343	0.03668
18.65447	35.4827	0.03619
18.66205	35.47366	0.03566
18.66962	35.44188	0.03508
18.67719	35.41013	0.0345
18.68477	35.37841	0.03392
18.69234	35.3467	0.03447
18.69991	35.31502	0.03527
18.70749	35.28336	0.03607
18.71506	35.25172	0.0367
18.72264	35.22011	0.03651
18.73021	35.18851	0.03633
18.73778	35.15694	0.03615
18.74536	35.1254	0.03593
18.75293	35.09387	0.03569
18.7605	35.06237	0.03545
18.76808	35.03089	0.0352
18.77565	34.99268	0.03475
18.78322	34.91969	0.03426
18.7908	34.84684	0.03378
18.79837	34.77414	0.03326
18.80594	34.70159	0.03263
18.81352	34.62918	0.032
18.82109	34.55691	0.03137
18.82867	34.4848	0.03095
18.83624	34.41282	0.03066
18.84381	34.34099	0.03036
18.85139	34.26931	0.03007
18.85896	34.28333	0.03058
18.86653	34.33676	0.03109
18.87411	34.39027	0.0316
18.88168	34.44386	0.03198
18.88925	34.49753	0.03212
18.89683	34.55128	0.03226
18.9044	34.6051	0.0324
18.91197	34.659	0.03267
18.91955	34.71298	0.03298
18.92712	34.76704	0.03329
18.9347	34.82118	0.03354
18.94227	34.8754	0.03329
18.94984	34.89118	0.03304
18.95742	34.23864	0.0328
18.96499	33.71397	0.0325
18.97256	33.83092	0.03215
18.98014	33.94827	0.03181
18.98771	34.06603	0.03146
18.99528	34.18418	0.0315
19.00286	34.30275	0.03162
19.01043	34.42171	0.03175
19.01801	34.54109	0.03179
19.02558	34.66087	0.03153
19.03315	34.78106	0.03127
19.04073	34.90167	0.03101
19.0483	35.02269	0.03096
19.05587	35.14412	0.03107
19.06345	35.26596	0.03119
19.07102	35.44751	0.03131
19.07859	35.91229	0.03132
19.08617	36.38315	0.03132
19.09374	36.86018	0.03133
19.10131	37.177	0.03114
19.10889	37.49435	0.03052
19.11646	37.8144	0.02989
19.12404	38.13717	0.02927
19.13161	38.4627	0.02913
19.13918	38.791	0.02924
19.14676	38.40058	0.02935
19.15433	37.73203	0.02948
19.1619	37.70696	0.03011
19.16948	37.6819	0.03075
19.17705	37.65686	0.03138
19.18462	37.63182	0.02947
19.1922	37.6068	0.0236
19.19977	37.58179	0.01773
19.20734	37.55678	0.01186
19.21492	37.53179	0.01048
19.22249	37.50681	0.01053
19.23007	37.48184	0.01059
19.23764	37.45688	0.01062
19.24521	37.43194	0.01052
19.25279	37.407	0.01042
19.26036	37.38207	0.01032
19.26793	37.35716	0.01032
19.27551	37.33225	0.01042
19.28308	37.30736	0.01052
19.29065	37.21282	0.01062
19.29823	36.98304	0.01051
19.3058	36.75468	0.01036
19.31338	36.5312	0.01022
19.32095	36.33585	0.01009
19.32852	36.14154	0.01005
19.3361	35.94826	0.01002
19.34367	35.75602	0.00998
19.35124	35.60057	0.00998
19.35882	35.54237	0.01
19.36639	35.48427	0.01002
19.37396	35.42625	0.01004
19.38154	35.36832	0.01022
19.38911	35.31049	0.01041
19.39668	35.25274	0.01059
19.40426	35.19508	0.01068
19.41183	35.13751	0.01055
19.41941	35.08003	0.01042
19.42698	35.02171	0.0103
19.43455	34.8925	0.0103
19.44213	34.76375	0.01037
19.4497	34.63548	0.01043
19.45727	34.50768	0.01048
19.46485	34.50978	0.01011
19.47242	34.57245	0.00974
19.47999	34.63523	0.00937
19.48757	34.69811	0.00922
19.49514	34.76111	0.00938
19.50272	34.82421	0.00954
19.51029	34.88743	0.0097
19.51786	34.95075	0.00974
19.52544	35.01418	0.00974
19.53301	35.07773	0.00974
19.54058	35.14138	0.00975
19.54816	35.20514	0.00975
19.55573	35.26902	0.00976
19.5633	35.36058	0.00977
19.57088	35.46761	0.0097
19.57845	35.57497	0.00957
19.58602	35.68264	0.00944
19.5936	35.79064	0.00931
19.60117	35.89895	0.0093
19.60875	36.00759	0.00931
19.61632	36.11655	0.00931
19.62389	36.22584	0.00933
19.63147	36.33545	0.00939
19.63904	36.4168	0.00945
19.64661	36.49221	0.00951
19.65419	36.56776	0.00952
19.66176	36.64347	0.00949
19.66933	36.71933	0.00946
19.67691	36.79534	0.00943
19.68448	36.8715	0.0093
19.69205	36.94782	0.00916
19.69963	37.02428	0.00902
19.7072	37.1009	0.0089
19.71478	37.21013	0.00882
19.72235	37.32085	0.00874
19.72992	37.43189	0.00866
19.7375	37.54326	0.00864
19.74507	37.65495	0.00865
19.75264	37.76697	0.00866
19.76022	37.87932	0.00867
19.76779	37.99199	0.00869
19.77536	38.105	0.00871
19.78294	38.15627	0.00873
19.79051	38.18466	0.00875
19.79809	38.21307	0.00875
19.80566	38.24149	0.00875
19.81323	38.26992	0.00876
19.82081	38.29838	0.00877
19.82838	38.32684	0.00878
19.83595	38.35533	0.0088
19.84353	38.38383	0.00881
19.8511	38.41234	0.0088
19.85867	38.44087	0.00879
19.86625	38.46942	0.00879
19.87382	38.49798	0.0088
19.88139	38.52655	0.00883
19.88897	38.55515	0.00886
19.89654	38.58375	0.00889
19.90412	38.61238	0.00886
19.91169	38.64102	0.00881
19.91926	38.66967	0.00877
19.92684	38.69834	0.00873
19.93441	38.72703	0.0087
19.94198	38.75573	0.00867
19.94956	38.78445	0.00864
19.95713	38.81318	0.00865
19.9647	38.79391	0.00868
19.97228	38.76497	0.00872
19.97985	38.73604	0.00876
19.98742	38.70712	0.00875
19.995	38.67823	0.00875
20.00257	38.64934	0.00874
20.01015	38.62048	0.00873
20.01772	38.59163	0.00872
20.02529	38.56279	0.00871
20.03287	38.53397	0.0087
20.04044	38.57487	0.00877
20.04801	38.63218	0.00886
20.05559	38.68958	0.00895
20.06316	38.74705	0.00903
20.07073	38.8046	0.00896
20.07831	38.86224	0.00889
20.08588	38.91995	0.00882
20.09346	38.97774	0.00881
20.10103	39.03562	0.00888
20.1086	39.09357	0.00895
20.11618	39.15161	0.00902
20.12375	39.20972	0.00905
20.13132	39.26792	0.00907
20.1389	39.3262	0.00909
20.14647	39.38456	0.00911
20.15404	39.44299	0.00915
20.16162	39.50283	0.00918
20.16919	39.62142	0.00921
20.17676	39.74036	0.00921
20.18434	39.85966	0.00918
20.19191	39.9793	0.00915
20.19949	40.0993	0.00913
20.20706	40.21966	0.00915
20.21463	40.34037	0.00917
20.22221	40.46144	0.00919
20.22978	40.58286	0.00923
20.23735	40.70464	0.00931
20.24493	40.75224	0.00938
20.2525	40.7914	0.00946
20.26007	40.8306	0.00953
20.26765	40.86983	0.0096
20.27522	40.9091	0.00967
20.2828	40.94839	0.00974
20.29037	40.98772	0.00978
20.29794	41.02708	0.00982
20.30552	41.06647	0.00987
20.31309	41.10589	0.00992
20.32066	41.14535	0.00998
20.32824	41.18483	0.01004
20.33581	41.22435	0.01011
20.34338	41.2639	0.01017
20.35096	41.30349	0.01023
20.35853	41.34311	0.01029
20.3661	41.38275	0.01036
20.37368	41.42243	0.01044
20.38125	41.46215	0.01052
20.38883	41.50189	0.01061
20.3964	41.55682	0.01068
20.40397	41.62502	0.01074
20.41155	41.69333	0.0108
20.41912	41.76175	0.01086
20.42669	41.83027	0.01096
20.43427	41.89891	0.01107
20.44184	41.96764	0.01118
20.44941	42.03649	0.01129
20.45699	42.10544	0.01139
20.46456	42.1745	0.01149
20.47213	42.24367	0.01159
20.47971	42.31294	0.01168
20.48728	42.38232	0.01176
20.49486	42.45181	0.01184
20.50243	42.52141	0.01191
20.51	42.59112	0.01208
20.51758	42.66093	0.01226
20.52515	42.81496	0.01244
20.53272	43.07449	0.01261
20.5403	43.33558	0.01274
20.54787	43.59607	0.01287
20.55544	43.72029	0.013
20.56302	43.84485	0.01312
20.57059	43.96977	0.01322
20.57817	44.09503	0.01333
20.58574	44.22065	0.01343
20.59331	44.34662	0.01349
20.60089	44.47294	0.01355
20.60846	44.59961	0.01361
20.61603	44.72664	0.0137
20.62361	44.85402	0.01383
20.63118	44.98177	0.01397
20.63875	45.10987	0.0141
20.64633	45.23832	0.01423
20.6539	45.09703	0.01437
20.66147	44.93895	0.0145
20.66905	44.78141	0.01463
20.67662	44.62442	0.01478
20.6842	44.46797	0.01492
20.69177	44.31207	0.01506
20.69934	44.1567	0.01525
20.70692	44.00188	0.01549
20.71449	43.84759	0.01572
20.72206	43.69384	0.01596
20.72964	43.54062	0.01612
20.73721	43.38793	0.01627
20.74478	43.23577	0.01642
20.75236	43.70993	0.01658
20.75993	44.20766	0.01676
20.76751	44.05247	0.01695
20.77508	43.89781	0.01713
20.78265	43.74369	0.01739
20.79023	43.59011	0.01769
20.7978	43.43706	0.018
20.80537	43.28455	0.0183
20.81295	43.13256	0.01857
20.82052	42.9811	0.01884
20.82809	42.83017	0.01911
20.83567	42.67976	0.0193
20.84324	42.52987	0.01931
20.85081	42.3805	0.01931
20.85839	42.23166	0.01932
20.86596	42.18172	0.01944
20.87354	42.22728	0.01962
20.88111	42.27287	0.01979
20.88868	42.31851	0.01997
20.89626	42.36419	0.02014
20.90383	42.40992	0.02031
20.9114	42.45569	0.02048
20.91898	42.5015	0.0207
20.92655	42.54736	0.02098
20.93412	42.59326	0.02127
20.9417	42.6392	0.02156
20.94927	42.68519	0.02165
20.95684	42.73123	0.02168
20.96442	42.7773	0.02171
20.97199	42.82343	0.02175
20.97957	42.86959	0.02177
20.98714	42.9158	0.0218
20.99471	42.96206	0.02182
21.00229	43.00835	0.02184
21.00986	43.0547	0.02186
21.01743	43.10108	0.02187
21.02501	43.14752	0.02189
21.03258	43.19399	0.02194
21.04015	43.24051	0.022
21.04773	43.28708	0.02207
21.0553	43.33368	0.02214
21.06288	43.38034	0.02227
21.07045	43.42704	0.02239
21.07802	43.47378	0.02252
21.0856	43.52057	0.02251
21.09317	43.52681	0.02243
21.10074	43.4642	0.02234
21.10832	43.40168	0.02225
21.11589	43.33924	0.02197
21.12346	43.27688	0.02169
21.13104	43.21461	0.02141
21.13861	43.15242	0.02116
21.14618	43.09032	0.02096
21.15376	43.0283	0.02076
21.16133	42.96636	0.02056
21.16891	42.90451	0.0204
21.17648	42.84274	0.02026
21.18405	42.78106	0.02012
21.19163	42.71946	0.02
21.1992	42.65794	0.02006
21.20677	42.5965	0.02012
21.21435	42.53515	0.02018
21.22192	42.47388	0.02023
21.22949	42.5134	0.02028
21.23707	42.671	0.02032
21.24464	42.82918	0.02037
21.25221	42.98794	0.02032
21.25979	43.14729	0.02025
21.26736	43.30722	0.02018
21.27494	43.46773	0.02009
21.28251	43.62884	0.01986
21.29008	43.79054	0.01964
21.29766	43.93956	0.01941
21.30523	44.07366	0.0192
21.3128	44.20817	0.01899
21.32038	44.34308	0.01878
21.32795	44.4784	0.01858
21.33552	44.61413	0.01861
21.3431	44.75026	0.01867
21.35067	44.88681	0.01874
21.35825	45.02376	0.01874
21.36582	45.16113	0.01855
21.37339	45.29891	0.01837
21.38097	45.43711	0.01819
21.38854	45.57572	0.01792
21.39611	45.71475	0.01759
21.40369	45.8542	0.01726
21.41126	45.99406	0.01693
21.41883	46.13435	0.01661
21.42641	46.27506	0.01628
21.43398	46.41619	0.01595
21.44155	46.55775	0.01565
21.44913	46.69973	0.01538
21.4567	46.73411	0.01511
21.46428	47.18521	0.01484
21.47185	48.00335	0.01467
21.47942	48.6748	0.01454
21.487	48.55639	0.01441
21.49457	48.43826	0.01428
21.50214	48.3204	0.01413
21.50972	48.20283	0.01397
21.51729	48.08554	0.01382
21.52486	47.96853	0.01371
21.53244	47.8518	0.01366
21.54001	47.73534	0.01362
21.54759	47.61917	0.01357
21.55516	47.50327	0.01345
21.56273	47.38764	0.01331
21.57031	47.2723	0.01317
21.57788	47.15722	0.01304
21.58545	47.04242	0.01295
21.59303	46.9279	0.01286
21.6006	46.81365	0.01277
21.60817	46.69967	0.01267
21.61575	46.58596	0.01256
21.62332	46.47252	0.01245
21.63089	46.35936	0.01234
21.63847	46.24646	0.0123
21.64604	46.13383	0.01227
21.65362	46.02147	0.01224
21.66119	45.90938	0.0122
21.66876	45.79756	0.01213
21.67634	45.80616	0.01206
21.68391	45.82257	0.01198
21.69148	45.83898	0.01182
21.69906	45.8554	0.01161
21.70663	45.87181	0.01139
21.7142	45.88822	0.01118
21.72178	45.90464	0.01107
21.72935	45.92105	0.01095
21.73692	45.93746	0.01084
21.7445	45.95388	0.01075
21.75207	45.97029	0.01068
21.75965	45.98671	0.0106
21.76722	46.00312	0.01053
21.77479	46.01954	0.01045
21.78237	46.03595	0.01037
21.78994	46.05237	0.01029
21.79751	46.06879	0.01021
21.80509	46.0852	0.01008
21.81266	46.10162	0.00996
21.82023	46.11804	0.00984
21.82781	46.13446	0.00974
21.83538	46.15087	0.00967
21.84296	46.16729	0.0096
21.85053	46.18371	0.00954
21.8581	46.20013	0.00941
21.86568	46.21655	0.00926
21.87325	46.23297	0.00912
21.88082	46.24939	0.009
21.8884	46.26581	0.00896
21.89597	46.29217	0.00893
21.90354	46.40894	0.00889
21.91112	46.52599	0.00884
21.91869	46.64333	0.00878
21.92626	46.76096	0.00872
21.93384	46.87888	0.00866
21.94141	46.99709	0.00866
21.94899	47.1156	0.00867
21.95656	47.23439	0.00867
21.96413	47.35349	0.00863
21.97171	47.47287	0.00845
21.97928	47.57063	0.00828
21.98685	47.66436	0.0081
21.99443	47.75828	0.0079
22.002	47.85237	0.00768
22.00957	47.94664	0.00746
22.01715	48.0411	0.00724
22.02472	48.13573	0.00719
22.03229	48.23054	0.00714
22.03987	48.32554	0.00709
22.04744	48.42072	0.00705
22.05502	48.51607	0.00704
22.06259	48.5282	0.00703
22.07016	48.52018	0.00702
22.07774	48.51217	0.00699
22.08531	48.50415	0.00695
22.09288	48.49612	0.00691
22.10046	48.48809	0.00687
22.10803	48.48006	0.00686
22.1156	48.47202	0.00686
22.12318	48.46397	0.00685
22.13075	48.45592	0.00683
22.13833	48.44787	0.00679
22.1459	48.43982	0.00676
22.15347	48.43176	0.00672
22.16105	48.42369	0.00663
22.16862	48.41562	0.00654
22.17619	48.40755	0.00645
22.18377	48.39947	0.00637
22.19134	48.39139	0.00631
22.19891	48.3833	0.00625
22.20649	48.37521	0.00619
22.21406	48.36711	0.00618
22.22163	48.35902	0.0062
22.22921	48.41482	0.00622
22.23678	48.51125	0.00624
22.24436	48.60787	0.00615
22.25193	48.70468	0.00606
22.2595	48.80167	0.00597
22.26708	48.89885	0.0059
22.27465	48.99621	0.00586
22.28222	49.09377	0.00582
22.2898	49.19151	0.00577
22.29737	49.28945	0.00573
22.30494	49.38757	0.00569
22.31252	49.48588	0.00564
22.32009	49.58438	0.0056
22.32767	49.68307	0.0056
22.33524	49.78196	0.0056
22.34281	49.7987	0.00559
22.35039	49.78392	0.00559
22.35796	49.76913	0.00558
22.36553	49.75435	0.00557
22.37311	49.73956	0.00556
22.38068	49.72477	0.00558
22.38825	49.70998	0.00561
22.39583	49.69519	0.00563
22.4034	49.68039	0.00565
22.41097	49.6656	0.00564
22.41855	49.6508	0.00563
22.42612	49.63601	0.00561
22.4337	49.62121	0.00558
22.44127	49.60641	0.00552
22.44884	49.59161	0.00546
22.45642	49.57681	0.00541
22.46399	49.562	0.0054
22.47156	49.5472	0.00539
22.47914	49.53239	0.00539
22.48671	49.51759	0.00539
22.49428	49.50278	0.00539
22.50186	49.49776	0.00539
22.50943	49.5025	0.00538
22.517	49.50724	0.00539
22.52458	49.51198	0.0054
22.53215	49.51671	0.00541
22.53973	49.52143	0.00542
22.5473	49.52615	0.0054
22.55487	49.53087	0.00538
22.56245	49.53558	0.00535
22.57002	49.54028	0.00533
22.57759	49.54498	0.00531
22.58517	49.54968	0.00529
22.59274	49.55436	0.00526
22.60031	49.55905	0.00524
22.60789	49.56373	0.0052
22.61546	49.5684	0.00517
22.62304	49.57307	0.00514
22.63061	49.57773	0.00515
22.63818	49.58239	0.00516
22.64576	49.58705	0.00516
22.65333	49.59169	0.00518
22.6609	49.59634	0.00521
22.66848	49.60097	0.00524
22.67605	49.60561	0.00528
22.68362	49.69559	0.0053
22.6912	49.8428	0.00532
22.69877	49.99044	0.00534
22.70634	50.13851	0.00535
22.71392	50.28702	0.00534
22.72149	50.43596	0.00534
22.72907	50.58533	0.00533
22.73664	50.7345	0.00531
22.74421	50.83445	0.00527
22.75179	50.9346	0.00523
22.75936	51.03493	0.00519
22.76693	51.13546	0.00515
22.77451	51.23618	0.00513
22.78208	51.33709	0.0051
22.78965	51.4382	0.00507
22.79723	51.5395	0.00505
22.8048	51.64099	0.00503
22.81237	51.74267	0.00501
22.81995	51.84456	0.00501
22.82752	51.94663	0.00502
22.8351	52.0489	0.00503
22.84267	52.15137	0.00504
22.85024	52.25403	0.0051
22.85782	52.35689	0.00516
22.86539	52.41302	0.00522
22.87296	52.42368	0.00525
22.88054	52.43434	0.00525
22.88811	52.44499	0.00524
22.89568	52.45564	0.00524
22.90326	52.46629	0.00523
22.91083	52.47693	0.00523
22.91841	52.48757	0.00522
22.92598	52.4982	0.00522
22.93355	52.50883	0.0052
22.94113	52.51946	0.00519
22.9487	52.53009	0.00517
22.95627	52.54071	0.00519
22.96385	52.55132	0.00526
22.97142	52.56194	0.00533
22.97899	52.57255	0.00539
22.98657	52.58315	0.00542
22.99414	52.59376	0.00544
23.00171	52.60435	0.00546
23.00929	52.61495	0.00549
23.01686	52.62554	0.00554
23.02444	52.63613	0.00559
23.03201	52.64672	0.00565
23.03958	52.6573	0.00567
23.04716	52.66787	0.00567
23.05473	52.67845	0.00567
23.0623	52.68902	0.00566
23.06988	52.69959	0.00568
23.07745	52.71015	0.0057
23.08502	52.72404	0.00571
23.0926	52.77452	0.00572
23.10017	52.82505	0.00569
23.10775	52.87561	0.00567
23.11532	52.92622	0.00564
23.12289	52.97687	0.00567
23.13047	53.02757	0.00573
23.13804	53.0783	0.00579
23.14561	53.12908	0.00586
23.15319	53.17991	0.00587
23.16076	53.23077	0.00588
23.16833	53.28168	0.0059
23.17591	53.33263	0.00593
23.18348	53.38363	0.00598
23.19105	53.43466	0.00604
23.19863	53.48574	0.0061
23.2062	53.53687	0.00615
23.21378	53.58804	0.00621
23.22135	53.63925	0.00626
23.22892	53.6905	0.00631
23.2365	53.65957	0.0063
23.24407	53.59976	0.00629
23.25164	53.54	0.00628
23.25922	53.48031	0.0063
23.26679	53.42068	0.00635
23.27436	53.36111	0.0064
23.28194	53.30159	0.00646
23.28951	53.24214	0.00653
23.29708	53.18276	0.00662
23.30466	53.12343	0.0067
23.31223	53.06416	0.00677
23.31981	53.0113	0.00679
23.32738	53.0375	0.0068
23.33495	53.06372	0.00681
23.34253	53.08994	0.00686
23.3501	53.11616	0.00693
23.35767	53.1424	0.00699
23.36525	53.16864	0.00706
23.37282	53.19489	0.00705
23.38039	53.22114	0.00703
23.38797	53.24741	0.00701
23.39554	53.27368	0.007
23.40312	53.29996	0.00701
23.41069	53.32624	0.00702
23.41826	53.35254	0.00703
23.42584	53.37884	0.00703
23.43341	53.40515	0.00702
23.44098	53.43146	0.00702
23.44856	53.45778	0.00701
23.45613	53.48412	0.00704
23.4637	53.51045	0.00706
23.47128	53.5368	0.00709
23.47885	53.56315	0.00712
23.48642	53.58951	0.00714
23.494	53.61588	0.00717
23.50157	53.64225	0.00719
23.50915	53.66863	0.00725
23.51672	53.69502	0.00731
23.52429	53.72142	0.00737
23.53187	53.74782	0.00743
23.53944	53.77424	0.00745
23.54701	53.80066	0.00746
23.55459	53.82708	0.00748
23.56216	53.88203	0.0075
23.56973	53.94656	0.00754
23.57731	54.01117	0.00759
23.58488	54.07584	0.00763
23.59245	54.14059	0.00762
23.60003	54.20541	0.00761
23.6076	54.2703	0.00759
23.61518	54.33526	0.00758
23.62275	54.4003	0.00757
23.63032	54.46541	0.00756
23.6379	54.53059	0.00755
23.64547	54.59584	0.00755
23.65304	54.66116	0.00755
23.66062	54.72656	0.00755
23.66819	54.79203	0.00755
23.67576	54.85757	0.0076
23.68334	54.92319	0.00765
23.69091	54.98888	0.00771
23.69849	55.05464	0.00774
23.70606	55.12047	0.00773
23.71363	55.18638	0.00771
23.72121	55.25236	0.0077
23.72878	55.31842	0.00767
23.73635	55.38454	0.00763
23.74393	55.45074	0.00759
23.7515	55.51702	0.00754
23.75907	55.58337	0.00747
23.76665	55.64979	0.0074
23.77422	55.71628	0.00733
23.78179	55.78285	0.00728
23.78937	55.83161	0.00726
23.79694	55.85681	0.00725
23.80452	55.88201	0.00723
23.81209	55.90722	0.00724
23.81966	55.93244	0.00727
23.82724	55.95766	0.00729
23.83481	55.98288	0.00732
23.84238	56.00812	0.00738
23.84996	56.03335	0.00745
23.85753	56.0586	0.00751
23.8651	56.08384	0.00754
23.87268	56.1091	0.00753
23.88025	56.13436	0.00753
23.88783	56.15963	0.00752
23.8954	56.1849	0.00753
23.90297	56.21018	0.00754
23.91055	56.23546	0.00756
23.91812	56.26075	0.00757
23.92569	56.28604	0.00757
23.93327	56.31134	0.00757
23.94084	56.33665	0.00758
23.94841	56.36196	0.00759
23.95599	56.38728	0.00761
23.96356	56.4126	0.00763
23.97113	56.43793	0.00766
23.97871	56.46327	0.00767
23.98628	56.48861	0.00768
23.99386	56.51395	0.0077
24.00143	56.5393	0.00771
24.009	56.56466	0.00772
24.01658	56.59003	0.00772
24.02415	56.61539	0.00773
24.03172	56.64077	0.00773
24.0393	56.66219	0.00774
24.04687	56.65946	0.00774
24.05444	56.65673	0.00775
24.06202	56.654	0.00774
24.06959	56.65126	0.00773
24.07716	56.64851	0.00772
24.08474	56.64576	0.00772
24.09231	56.643	0.00773
24.09989	56.64024	0.00775
24.10746	56.63747	0.00776
24.11503	56.63469	0.00775
24.12261	56.63191	0.00773
24.13018	56.62913	0.00772
24.13775	56.62634	0.00771
24.14533	56.62354	0.00771
24.1529	56.62074	0.00772
24.16047	56.61794	0.00772
24.16805	56.61512	0.00774
24.17562	56.61231	0.00777
24.1832	56.60948	0.0078
24.19077	56.60666	0.00782
24.19834	56.60382	0.00783
24.20592	56.60098	0.00783
24.21349	56.59814	0.00783
24.22106	56.59529	0.00784
24.22864	56.59243	0.00791
24.23621	56.58957	0.00797
24.24378	56.58671	0.00803
24.25136	56.58384	0.00806
24.25893	56.58096	0.00806
24.2665	56.57808	0.00806
24.27408	56.57519	0.00806
24.28165	56.5723	0.00804
24.28923	56.60882	0.00802
24.2968	56.65229	0.008
24.30437	56.69579	0.00799
24.31195	56.73931	0.00798
24.31952	56.78287	0.00797
24.32709	56.82645	0.00796
24.33467	56.87006	0.00795
24.34224	56.9137	0.00793
24.34981	56.95737	0.00791
24.35739	57.00107	0.00789
24.36496	57.04479	0.00794
24.37254	57.08854	0.00799
24.38011	57.13232	0.00804
24.38768	57.17613	0.00807
24.39526	57.21996	0.00806
24.40283	57.26382	0.00805
24.4104	57.30772	0.00805
24.41798	57.35164	0.00804
24.42555	57.39558	0.00804
24.43312	57.43956	0.00804
24.4407	57.48356	0.00803
24.44827	57.5276	0.00801
24.45584	57.57166	0.00799
24.46342	57.61575	0.00797
24.47099	57.65986	0.00794
24.47857	57.70401	0.0079
24.48614	57.74818	0.00786
24.49371	57.79238	0.00783
24.50129	57.83661	0.00783
24.50886	57.88087	0.00784
24.51643	57.92697	0.00785
24.52401	57.97777	0.00786
24.53158	58.0286	0.00788
24.53915	58.07947	0.00791
24.54673	58.13038	0.00793
24.5543	58.18134	0.00791
24.56187	58.23233	0.00787
24.56945	58.28336	0.00782
24.57702	58.33442	0.00778
24.5846	58.38553	0.00776
24.59217	58.43668	0.00775
24.59974	58.48787	0.00773
24.60732	58.53909	0.00772
24.61489	58.59036	0.0077
24.62246	58.64166	0.00768
24.63004	58.69301	0.00767
24.63761	58.74439	0.00766
24.64518	58.79581	0.00766
24.65276	58.84727	0.00765
24.66033	58.89877	0.00765
24.66791	58.95032	0.00762
24.67548	59.0019	0.00759
24.68305	59.05352	0.00757
24.69063	59.0556	0.00752
24.6982	59.03397	0.00746
24.70577	59.01235	0.00739
24.71335	58.99072	0.00733
24.72092	58.9691	0.00732
24.72849	58.94748	0.00733
24.73607	58.92586	0.00734
24.74364	58.90425	0.00734
24.75121	58.88263	0.00734
24.75879	58.86102	0.00734
24.76636	58.83942	0.00734
24.77394	58.81781	0.00733
24.78151	58.79621	0.0073
24.78908	58.77461	0.00728
24.79666	58.75301	0.00726
24.80423	58.73141	0.00727
24.8118	58.70982	0.00728
24.81938	58.68823	0.00729
24.82695	58.66664	0.0073
24.83452	58.64506	0.0073
24.8421	58.62347	0.0073
24.84967	58.60189	0.0073
24.85724	58.58031	0.00729
24.86482	58.55874	0.00728
24.87239	58.53717	0.00727
24.87997	58.51559	0.00725
24.88754	58.49403	0.0072
24.89511	58.46889	0.00714
24.90269	58.39356	0.00708
24.91026	58.31833	0.00705
24.91783	58.24319	0.00707
24.92541	58.16813	0.00708
24.93298	58.09317	0.0071
24.94055	58.0183	0.00711
24.94813	57.94353	0.00713
24.9557	57.86884	0.00714
24.96328	57.79424	0.00715
24.97085	57.78787	0.00718
24.97842	57.90952	0.00721
24.986	58.03143	0.00724
24.99357	58.15358	0.00726
25.00114	58.27599	0.00726
25.00872	58.39864	0.00726
25.01629	58.52156	0.00726
25.02386	58.64472	0.00725
25.03144	58.76814	0.00724
25.03901	58.89181	0.00723
25.04658	59.01574	0.00721
25.05416	59.13992	0.00719
25.06173	59.26436	0.00717
25.06931	59.39887	0.00714
25.07688	59.536	0.00712
25.08445	59.67343	0.00708
25.09203	59.81118	0.00705
25.0996	59.94923	0.00702
25.10717	60.08761	0.00699
25.11475	60.22629	0.00695
25.12232	60.36529	0.00691
25.12989	60.50461	0.00688
25.13747	60.64424	0.00688
25.14504	60.78419	0.00688
25.15262	60.92445	0.00687
25.16019	61.04865	0.00686
25.16776	61.11651	0.00683
25.17534	61.18445	0.00681
25.18291	61.25245	0.00678
25.19048	61.32052	0.00679
25.19806	61.38866	0.00679
25.20563	61.45687	0.00679
25.2132	61.52515	0.00678
25.22078	61.5935	0.00674
25.22835	61.66192	0.0067
25.23592	61.73042	0.00666
25.2435	61.79898	0.00667
25.25107	61.86761	0.0067
25.25865	61.93632	0.00673
25.26622	62.00509	0.00676
25.27379	62.07394	0.00676
25.28137	62.14286	0.00677
25.28894	62.21184	0.00678
25.29651	62.2809	0.00678
25.30409	62.35003	0.00678
25.31166	62.41923	0.00678
25.31923	62.4885	0.00678
25.32681	62.55785	0.00682
25.33438	62.62726	0.00687
25.34195	62.69675	0.00692
25.34953	62.76631	0.00696
25.3571	62.83593	0.00697
25.36468	62.90564	0.00698
25.37225	62.94346	0.00699
25.37982	62.92651	0.00699
25.3874	62.90955	0.00698
25.39497	62.8926	0.00698
25.40254	62.87565	0.00697
25.41012	62.85869	0.00698
25.41769	62.84173	0.00699
25.42526	62.82478	0.007
25.43284	62.80782	0.00701
25.44041	62.79086	0.00701
25.44799	62.7739	0.007
25.45556	62.75694	0.007
25.46313	62.73997	0.00704
25.47071	62.72301	0.00709
25.47828	62.70605	0.00715
25.48585	62.68908	0.0072
25.49343	62.67212	0.00722
25.501	62.65515	0.00724
25.50857	62.63818	0.00726
25.51615	62.52801	0.00732
25.52372	62.37177	0.00741
25.53129	62.21592	0.00751
25.53887	62.06045	0.00761
25.54644	61.90537	0.00765
25.55402	61.75067	0.00767
25.56159	61.59635	0.0077
25.56916	61.44241	0.00772
25.57674	61.28884	0.00777
25.58431	61.13566	0.00781
25.59188	61.02312	0.00785
25.59946	60.96554	0.00788
25.60703	60.90801	0.00789
25.6146	60.85053	0.00789
25.62218	60.7931	0.0079
25.62975	60.73572	0.00792
25.63732	60.67838	0.00794
25.6449	60.6211	0.00796
25.65247	60.56387	0.00798
25.66005	60.50668	0.00797
25.66762	60.44954	0.00796
25.67519	60.41779	0.00795
25.68277	60.44804	0.00795
25.69034	60.47829	0.00795
25.69791	60.50856	0.00795
25.70549	60.53883	0.00795
25.71306	60.56911	0.00797
25.72063	60.59941	0.00799
25.72821	60.62971	0.00801
25.73578	60.66002	0.00805
25.74336	60.69035	0.00811
25.75093	60.72068	0.00817
25.7585	60.75102	0.00823
25.76608	60.78138	0.00825
25.77365	60.81174	0.00825
25.78122	60.84211	0.00825
25.7888	60.87249	0.00826
25.79637	60.90289	0.00828
25.80394	60.93329	0.00831
25.81152	60.9637	0.00834
25.81909	60.99412	0.00835
25.82666	61.02456	0.00833
25.83424	61.055	0.00831
25.84181	61.08545	0.00828
25.84939	61.11591	0.00835
25.85696	61.14638	0.00844
25.86453	61.17687	0.00852
25.87211	61.20467	0.0086
25.87968	61.22931	0.00862
25.88725	61.25394	0.00864
25.89483	61.27859	0.00866
25.9024	61.30323	0.00867
25.90997	61.32789	0.00868
25.91755	61.35254	0.00869
25.92512	61.3772	0.0087
25.9327	61.40187	0.00874
25.94027	61.42654	0.00879
25.94784	61.45122	0.00883
25.95542	61.4759	0.00888
25.96299	61.50058	0.00895
25.97056	61.52527	0.00901
25.97814	61.54996	0.00908
25.98571	61.57466	0.0091
25.99328	61.59937	0.00909
26.00086	61.62407	0.00909
26.00843	61.64879	0.00908
26.016	61.6735	0.00911
26.02358	61.69823	0.00914
26.03115	61.72295	0.00917
26.03873	61.74768	0.0092
26.0463	61.77242	0.00924
26.05387	61.79716	0.00927
26.06145	61.82191	0.00931
26.06902	61.84666	0.00934
26.07659	61.87141	0.00937
26.08417	61.89617	0.0094
26.09174	61.92094	0.00943
26.09931	61.94571	0.00944
26.10689	61.97048	0.00945
26.11446	61.99526	0.00946
26.12203	62.02004	0.00948
26.12961	62.02314	0.00952
26.13718	62.01066	0.00957
26.14476	61.99818	0.00961
26.15233	61.98569	0.0097
26.1599	61.9732	0.00981
26.16748	61.96071	0.00991
26.17505	61.94822	0.01001
26.18262	61.93572	0.01009
26.1902	61.92322	0.01016
26.19777	61.91072	0.01024
26.20534	61.89822	0.0103
26.21292	61.88571	0.01036
26.22049	61.8732	0.01042
26.22807	61.86069	0.01048
26.23564	61.84817	0.01052
26.24321	61.83565	0.01056
26.25079	61.82313	0.0106
26.25836	61.81061	0.01065
26.26593	61.82347	0.01072
26.27351	61.9368	0.0108
26.28108	62.05033	0.01088
26.28865	62.16406	0.01093
26.29623	62.278	0.01096
26.3038	62.39214	0.011
26.31137	62.50649	0.01103
26.31895	62.62104	0.01106
26.32652	62.7358	0.01109
26.3341	62.85076	0.01112
26.34167	62.96592	0.01116
26.34924	63.08129	0.01123
26.35682	63.19687	0.01129
26.36439	63.31029	0.01135
26.37196	63.24953	0.01145
26.37954	63.18881	0.01156
26.38711	63.12815	0.01167
26.39468	63.06754	0.01179
26.40226	63.00699	0.01197
26.40983	62.94649	0.01215
26.4174	62.88604	0.01233
26.42498	62.82564	0.01248
26.43255	62.7653	0.01259
26.44013	62.70501	0.0127
26.4477	62.64477	0.0128
26.45527	62.58459	0.01289
26.46285	62.52446	0.01297
26.47042	62.46438	0.01305
26.47799	62.40435	0.01313
26.48557	62.34438	0.01324
26.49314	62.28446	0.01335
26.50071	62.22459	0.01347
26.50829	62.16477	0.01355
26.51586	62.10501	0.01362
26.52344	62.0453	0.01369
26.53101	61.98564	0.01376
26.53858	61.92603	0.01387
26.54616	61.86647	0.01399
26.55373	61.80697	0.01411
26.5613	61.74752	0.01422
26.56888	61.77129	0.01429
26.57645	61.88328	0.01436
26.58402	61.99547	0.01442
26.5916	62.10786	0.01459
26.59917	62.22045	0.01481
26.60674	62.33324	0.01503
26.61432	62.44623	0.01524
26.62189	62.55941	0.01537
26.62947	62.6728	0.0155
26.63704	62.78639	0.01564
26.64461	62.90018	0.01669
26.65219	63.01417	0.01915
26.65976	63.12836	0.02162
26.66733	63.24275	0.02408
26.67491	63.35734	0.02455
26.68248	63.47214	0.02438
26.69005	63.58714	0.02422
26.69763	63.70234	0.02406
26.7052	63.81775	0.02396
26.71278	63.93336	0.02387
26.72035	64.04918	0.02378
26.72792	64.1652	0.02363
26.7355	64.25158	0.02342
26.74307	64.23521	0.02322
26.75064	64.21883	0.02301
26.75822	64.20246	0.023
26.76579	64.18609	0.02301
26.77336	64.16971	0.02303
26.78094	64.15334	0.02303
26.78851	64.13696	0.02298
26.79608	64.12058	0.02294
26.80366	64.1042	0.02289
26.81123	64.08782	0.02279
26.81881	64.07144	0.02266
26.82638	64.05506	0.02252
26.83395	64.03867	0.02239
26.84153	64.02229	0.02231
26.8491	64.00591	0.02223
26.85667	63.98952	0.02215
26.86425	63.97313	0.02206
26.87182	63.95675	0.02195
26.87939	63.94036	0.02184
26.88697	63.92397	0.02174
26.89454	63.90758	0.02165
26.90211	63.89119	0.02158
26.90969	63.8748	0.02151
26.91726	63.8584	0.02143
26.92484	63.84201	0.02122
26.93241	63.82562	0.021
26.93998	63.80922	0.02078
26.94756	63.79283	0.02062
26.95513	63.77643	0.02053
26.9627	63.72761	0.02044
26.97028	63.65933	0.02036
26.97785	63.59112	0.02027
26.98542	63.52297	0.02019
26.993	63.4549	0.0201
27.00057	63.38689	0.02001
27.00815	63.31895	0.01985
27.01572	63.25108	0.01969
27.02329	63.18327	0.01953
27.03087	63.11553	0.01941
27.03844	63.04786	0.01932
27.04601	62.98026	0.01924
27.05359	62.91273	0.01915
27.06116	62.84526	0.02396
27.06873	62.77786	0.02947
27.07631	62.71053	0.03499
27.08388	62.64327	0.03917
27.09145	62.57607	0.03908
27.09903	62.50894	0.03899
27.1066	62.44188	0.0389
27.11418	62.37488	0.0389
27.12175	62.30795	0.03895
27.12932	62.24109	0.03901
27.1369	62.11606	0.03906
27.14447	61.97004	0.03907
27.15204	61.82435	0.03908
27.15962	61.679	0.03908
27.16719	61.53399	0.03908
27.17476	61.38932	0.03906
27.18234	61.24498	0.03904
27.18991	61.19073	0.03902
27.19748	61.57694	0.03908
27.20506	61.96558	0.03917
27.21263	62.35666	0.03927
27.22021	62.75021	0.03937
27.22778	63.14624	0.03959
27.23535	63.54476	0.03981
27.24293	63.94579	0.04003
27.2505	64.12092	0.04021
27.25807	64.13874	0.04035
27.26565	64.15656	0.04049
27.27322	64.17438	0.04063
27.28079	64.1922	0.04045
27.28837	64.21002	0.0402
27.29594	64.22784	0.03994
27.30352	64.24566	0.0397
27.31109	64.26348	0.03954
27.31866	64.2813	0.03938
27.32624	64.29912	0.03922
27.33381	64.31694	0.039
27.34138	64.33477	0.03872
27.34896	64.35259	0.03845
27.35653	64.37041	0.03818
27.3641	64.38823	0.03787
27.37168	64.40605	0.03756
27.37925	64.42387	0.03725
27.38682	64.47008	0.03698
27.3944	64.57199	0.03685
27.40197	64.67406	0.03672
27.40955	64.77629	0.03659
27.41712	64.87868	0.03659
27.42469	64.98122	0.03666
27.43227	65.08392	0.03673
27.43984	65.18677	0.0368
27.44741	65.28979	0.03678
27.45499	65.39296	0.03676
27.46256	65.49629	0.03673
27.47013	65.59977	0.03677
27.47771	65.70342	0.0369
27.48528	65.80723	0.03703
27.49286	65.83646	0.03717
27.50043	65.81319	0.0372
27.508	65.78992	0.03718
27.51558	65.76665	0.03717
27.52315	65.74338	0.03715
27.53072	65.72012	0.03703
27.5383	65.69686	0.03692
27.54587	65.6736	0.0368
27.55344	65.65035	0.03664
27.56102	65.6271	0.03642
27.56859	65.60385	0.0362
27.57616	65.58061	0.03598
27.58374	65.55737	0.03581
27.59131	65.53413	0.03565
27.59889	65.5109	0.0355
27.60646	65.48767	0.03537
27.61403	65.46444	0.0354
27.62161	65.44122	0.03543
27.62918	65.418	0.03547
27.63675	65.39478	0.03552
27.64433	65.37157	0.0356
27.6519	65.34836	0.03568
27.65947	65.32515	0.03575
27.66705	65.30195	0.03594
27.67462	65.27875	0.03615
27.68219	65.25555	0.03635
27.68977	65.23236	0.0364
27.69734	65.20917	0.03604
27.70492	65.18598	0.03568
27.71249	65.1628	0.03532
27.72006	65.13962	0.03502
27.72764	65.11644	0.03475
27.73521	65.09327	0.03448
27.74278	65.0701	0.03421
27.75036	65.04693	0.0342
27.75793	65.02377	0.03418
27.7655	65.00061	0.03417
27.77308	64.98185	0.03418
27.78065	64.96534	0.03425
27.78823	64.94883	0.03432
27.7958	64.93232	0.03439
27.80337	64.91581	0.03445
27.81095	64.8993	0.03451
27.81852	64.88278	0.03457
27.82609	64.86627	0.03463
27.83367	64.84976	0.03479
27.84124	64.83324	0.03496
27.84881	64.81673	0.03512
27.85639	64.80021	0.03517
27.86396	64.78369	0.03511
27.87153	64.76718	0.03504
27.87911	64.75066	0.03498
27.88668	64.73414	0.03502
27.89426	64.71762	0.03507
27.90183	64.7011	0.03513
27.9094	64.68458	0.03516
27.91698	64.66806	0.0351
27.92455	64.70267	0.03504
27.93212	64.7876	0.03497
27.9397	64.87265	0.03494
27.94727	64.9578	0.03494
27.95484	65.04306	0.03493
27.96242	65.12842	0.03493
27.96999	65.2139	0.03495
27.97757	65.29948	0.03498
27.98514	65.38516	0.035
27.99271	65.47096	0.03501
28.00029	65.55686	0.03495
28.00786	65.64287	0.0349
28.01543	65.72899	0.03485
28.02301	65.81522	0.03493
28.03058	65.90156	0.03509
28.03815	65.988	0.03525
28.04573	66.07455	0.0354
28.0533	66.16121	0.03533
28.06087	66.24798	0.03527
28.06845	66.37633	0.0352
28.07602	66.5154	0.03522
28.0836	66.65475	0.03536
28.09117	66.79439	0.0355
28.09874	66.93431	0.03564
28.10632	67.07453	0.03571
28.11389	67.21503	0.03575
28.12146	67.35582	0.03579
28.12904	67.49691	0.03585
28.13661	67.63828	0.03606
28.14418	67.77994	0.03627
28.15176	67.9219	0.03648
28.15933	68.06415	0.03662
28.1669	68.20669	0.03667
28.17448	68.34952	0.03673
28.18205	68.49265	0.03679
28.18963	68.63608	0.03667
28.1972	68.68231	0.03652
28.20477	68.6547	0.03637
28.21235	68.6271	0.03624
28.21992	68.5995	0.03618
28.22749	68.57191	0.03613
28.23507	68.54433	0.03607
28.24264	68.51675	0.03591
28.25021	68.48918	0.03569
28.25779	68.46162	0.03547
28.26536	68.43406	0.03525
28.27294	68.40651	0.03512
28.28051	68.37896	0.03499
28.28808	68.35142	0.03486
28.29566	68.32389	0.03473
28.30323	68.29636	0.03462
28.3108	68.26884	0.03451
28.31838	68.24132	0.0344
28.32595	68.21381	0.03435
28.33352	68.18631	0.03433
28.3411	68.15881	0.0343
28.34867	68.13132	0.03428
28.35624	68.10384	0.03434
28.36382	68.07636	0.03439
28.37139	68.04889	0.03445
28.37897	68.02142	0.03449
28.38654	67.99396	0.0345
28.39411	67.96651	0.03451
28.40169	67.93906	0.03452
28.40926	67.91162	0.03445
28.41683	67.88419	0.03436
28.42441	67.85676	0.03427
28.43198	67.82934	0.03417
28.43955	67.80192	0.03403
28.44713	67.77451	0.03388
28.4547	67.74711	0.03374
28.46227	67.71971	0.03373
28.46985	67.84695	0.03386
28.47742	68.36855	0.03399
28.485	68.89415	0.03412
28.49257	69.36208	0.03416
28.50014	69.33764	0.03419
28.50772	69.3132	0.03422
28.51529	69.28877	0.0342
28.52286	69.26434	0.03404
28.53044	69.23992	0.03388
28.53801	69.2155	0.03371
28.54558	69.19108	0.03348
28.55316	69.16666	0.03321
28.56073	69.14225	0.03293
28.56831	69.11785	0.03266
28.57588	69.09345	0.03242
28.58345	69.06905	0.03217
28.59103	69.04465	0.03193
28.5986	69.02026	0.03173
28.60617	68.99588	0.03163
28.61375	68.97149	0.03154
28.62132	68.94711	0.03144
28.62889	68.92274	0.03139
28.63647	68.89836	0.03136
28.64404	68.874	0.03133
28.65161	68.84963	0.0313
28.65919	68.82527	0.03128
28.66676	68.80091	0.03126
28.67434	68.77656	0.03125
28.68191	68.75221	0.03125
28.68948	68.72787	0.03128
28.69706	68.70353	0.0313
28.70463	68.67919	0.03133
28.7122	68.65485	0.03138
28.71978	68.63052	0.03143
28.72735	68.6062	0.03148
28.73492	68.58188	0.03152
28.7425	68.55756	0.03149
28.75007	68.53324	0.03145
28.75765	68.50459	0.03142
28.76522	68.37783	0.03137
28.77279	68.2513	0.03132
28.78037	68.125	0.03127
28.78794	67.99894	0.03122
28.79551	67.8731	0.0314
28.80309	67.74748	0.03161
28.81066	67.6221	0.03182
28.81823	67.49694	0.032
28.82581	67.37201	0.0321
28.83338	67.35862	0.03219
28.84095	67.4982	0.03229
28.84853	67.63806	0.0323
28.8561	67.77822	0.03225
28.86368	67.91865	0.03221
28.87125	68.05938	0.03216
28.87882	68.20039	0.03198
28.8864	68.34168	0.0318
28.89397	68.48327	0.03161
28.90154	68.62515	0.03145
28.90912	68.76731	0.03134
28.91669	68.90976	0.03122
28.92426	69.05251	0.0311
28.93184	69.19554	0.03104
28.93941	69.33887	0.03099
28.94698	69.48249	0.03095
28.95456	69.6264	0.03091
28.96213	69.7706	0.03089
28.96971	69.9151	0.03087
28.97728	70.05989	0.03086
28.98485	70.20498	0.03096
28.99243	70.65884	0.03122
29	71.43654	0.03149
