0.5	-0.00171
1.5	-0.00171
2.5	-0.00171
2.50757	-0.00169
2.51515	-0.00167
2.52272	-0.00165
2.53029	-0.00163
2.53787	-0.00161
2.54544	-0.0016
2.55302	-0.00158
2.56059	-0.00156
2.56816	-0.00154
2.57574	-0.00152
2.58331	-0.0015
2.59088	-0.00148
2.59846	-0.00146
2.60603	-0.00144
2.6136	-0.00142
2.62118	-0.0014
2.62875	-0.00138
2.63632	-0.00137
2.6439	-0.00135
2.65147	-0.00133
2.65905	-0.00131
2.66662	-0.00129
2.67419	-0.00127
2.68177	-0.00125
2.68934	-0.00123
2.69691	-0.00121
2.70449	-0.00119
2.71206	-0.00117
2.71963	-0.00116
2.72721	-0.00114
2.73478	-0.00112
2.74235	-0.0011
2.74993	-0.00108
2.7575	-0.00106
2.76508	-0.00104
2.77265	-0.00102
2.78022	-1E-3
2.7878	-9.83074E-4
2.79537	-9.63942E-4
2.80294	-9.44811E-4
2.81052	-9.2568E-4
2.81809	-9.06548E-4
2.82566	-8.87417E-4
2.83324	-8.68286E-4
2.84081	-8.49154E-4
2.84839	-8.30023E-4
2.85596	-8.10891E-4
2.86353	-7.9176E-4
2.87111	-7.72629E-4
2.87868	-7.53497E-4
2.88625	-7.34366E-4
2.89383	-7.15235E-4
2.9014	-6.96103E-4
2.90897	-6.76972E-4
2.91655	-6.57841E-4
2.92412	-6.38709E-4
2.93169	-6.19578E-4
2.93927	-6.00446E-4
2.94684	-5.81315E-4
2.95442	-5.62184E-4
2.96199	-5.43052E-4
2.96956	-5.23921E-4
2.97714	-5.0479E-4
2.98471	-4.85658E-4
2.99228	-4.66527E-4
2.99986	-4.47395E-4
3.00743	-4.28264E-4
3.015	-4.09133E-4
3.02258	-3.90001E-4
3.03015	-3.7087E-4
3.03773	-3.51739E-4
3.0453	-3.32607E-4
3.05287	-3.13476E-4
3.06045	-2.94345E-4
3.06802	-2.75213E-4
3.07559	-2.56082E-4
3.08317	-2.3695E-4
3.09074	-2.17819E-4
3.09831	-1.98688E-4
3.10589	-1.79556E-4
3.11346	-1.60425E-4
3.12103	-1.41294E-4
3.12861	-1.22162E-4
3.13618	-1.03031E-4
3.14376	-8.38995E-5
3.15133	-6.47681E-5
3.1589	-4.56367E-5
3.16648	-2.65054E-5
3.17405	-7.37398E-6
3.18162	1.17574E-5
3.1892	3.08888E-5
3.19677	5.00201E-5
3.20434	6.91515E-5
3.21192	8.82829E-5
3.21949	1.07414E-4
3.22706	1.26546E-4
3.23464	1.45677E-4
3.24221	1.64808E-4
3.24979	1.8394E-4
3.25736	2.03071E-4
3.26493	2.22202E-4
3.27251	2.41334E-4
3.28008	2.60465E-4
3.28765	2.79597E-4
3.29523	2.98728E-4
3.3028	3.17859E-4
3.31037	3.36991E-4
3.31795	3.56122E-4
3.32552	3.75253E-4
3.3331	3.94385E-4
3.34067	4.13516E-4
3.34824	4.32647E-4
3.35582	4.51779E-4
3.36339	4.7091E-4
3.37096	4.90042E-4
3.37854	5.09173E-4
3.38611	5.28304E-4
3.39368	5.47436E-4
3.40126	5.66567E-4
3.40883	5.85698E-4
3.4164	6.0483E-4
3.42398	6.23961E-4
3.43155	6.43093E-4
3.43913	6.62224E-4
3.4467	6.81355E-4
3.45427	7.00487E-4
3.46185	7.19618E-4
3.46942	7.38749E-4
3.47699	7.57881E-4
3.48457	7.77012E-4
3.49214	7.96143E-4
3.49971	8.15275E-4
3.50729	8.34406E-4
3.51486	8.53538E-4
3.52243	8.72669E-4
3.53001	8.918E-4
3.53758	9.10932E-4
3.54516	9.30063E-4
3.55273	9.49194E-4
3.5603	9.68326E-4
3.56788	9.87457E-4
3.57545	0.00101
3.58302	0.00103
3.5906	0.00104
3.59817	0.00106
3.60574	0.00108
3.61332	0.0011
3.62089	0.00112
3.62847	0.00114
3.63604	0.00116
3.64361	0.00118
3.65119	0.0012
3.65876	0.00122
3.66633	0.00124
3.67391	0.00126
3.68148	0.00127
3.68905	0.00129
3.69663	0.00131
3.7042	0.00133
3.71177	0.00135
3.71935	0.00137
3.72692	0.00139
3.7345	0.00141
3.74207	0.00143
3.74964	0.00145
3.75722	0.00147
3.76479	0.00148
3.77236	0.0015
3.77994	0.00152
3.78751	0.00154
3.79508	0.00156
3.80266	0.00158
3.81023	0.0016
3.81781	0.00162
3.82538	0.00164
3.83295	0.00166
3.84053	0.00168
3.8481	0.0017
3.85567	0.00171
3.86325	0.00173
3.87082	0.00175
3.87839	0.00177
3.88597	0.00179
3.89354	0.00181
3.90111	0.00183
3.90869	0.00185
3.91626	0.00187
3.92384	0.00189
3.93141	0.00191
3.93898	0.00192
3.94656	0.00194
3.95413	0.00196
3.9617	0.00198
3.96928	0.002
3.97685	0.00202
3.98442	0.00204
3.992	0.00206
3.99957	0.00208
4.00714	0.0021
4.01472	0.00212
4.02229	0.00214
4.02987	0.00215
4.03744	0.00217
4.04501	0.00219
4.05259	0.00221
4.06016	0.00223
4.06773	0.00225
4.07531	0.00227
4.08288	0.00229
4.09045	0.00231
4.09803	0.00233
4.1056	0.00235
4.11318	0.00236
4.12075	0.00238
4.12832	0.0024
4.1359	0.00242
4.14347	0.00244
4.15104	0.00246
4.15862	0.00248
4.16619	0.0025
4.17376	0.00252
4.18134	0.00254
4.18891	0.00256
4.19648	0.00258
4.20406	0.00259
4.21163	0.00261
4.21921	0.00263
4.22678	0.00265
4.23435	0.00267
4.24193	0.00269
4.2495	0.00271
4.25707	0.00273
4.26465	0.00275
4.27222	0.00277
4.27979	0.00279
4.28737	0.0028
4.29494	0.00282
4.30252	0.00284
4.31009	0.00286
4.31766	0.00288
4.32524	0.0029
4.33281	0.00292
4.34038	0.00294
4.34796	0.00296
4.35553	0.00298
4.3631	0.003
4.37068	0.00302
4.37825	0.00303
4.38582	0.00305
4.3934	0.00307
4.40097	0.00309
4.40855	0.00311
4.41612	0.00313
4.42369	0.00315
4.43127	0.00317
4.43884	0.00319
4.44641	0.00321
4.45399	0.00323
4.46156	0.00324
4.46913	0.00326
4.47671	0.00328
4.48428	0.0033
4.49185	0.00332
4.49943	0.00334
4.507	0.00336
4.51458	0.00338
4.52215	0.0034
4.52972	0.00342
4.5373	0.00344
4.54487	0.00346
4.55244	0.00347
4.56002	0.00349
4.56759	0.00351
4.57516	0.00353
4.58274	0.00355
4.59031	0.00357
4.59789	0.00359
4.60546	0.00361
4.61303	0.00363
4.62061	0.00365
4.62818	0.00367
4.63575	0.00368
4.64333	0.0037
4.6509	0.00372
4.65847	0.00374
4.66605	0.00376
4.67362	0.00378
4.68119	0.0038
4.68877	0.00382
4.69634	0.00384
4.70392	0.00386
4.71149	0.00388
4.71906	0.0039
4.72664	0.00391
4.73421	0.00393
4.74178	0.00395
4.74936	0.00397
4.75693	0.00399
4.7645	0.00401
4.77208	0.00403
4.77965	0.00405
4.78722	0.00407
4.7948	0.00409
4.80237	0.00411
4.80995	0.00413
4.81752	0.00414
4.82509	0.00416
4.83267	0.00418
4.84024	0.0042
4.84781	0.00422
4.85539	0.00424
4.86296	0.00426
4.87053	0.00428
4.87811	0.0043
4.88568	0.00432
4.89326	0.00434
4.90083	0.00435
4.9084	0.00437
4.91598	0.00439
4.92355	0.00441
4.93112	0.00443
4.9387	0.00445
4.94627	0.00447
4.95384	0.00449
4.96142	0.00451
4.96899	0.00453
4.97656	0.00455
4.98414	0.00457
4.99171	0.00458
4.99929	0.0046
5.00686	0.00462
5.01443	0.00464
5.02201	0.00466
5.02958	0.00468
5.03715	0.0047
5.04473	0.00472
5.0523	0.00474
5.05987	0.00476
5.06745	0.00478
5.07502	0.00479
5.0826	0.00481
5.09017	0.00483
5.09774	0.00485
5.10532	0.00487
5.11289	0.00489
5.12046	0.00491
5.12804	0.00493
5.13561	0.00495
5.14318	0.00497
5.15076	0.00499
5.15833	0.00501
5.1659	0.00502
5.17348	0.00504
5.18105	0.00506
5.18863	0.00508
5.1962	0.0051
5.20377	0.00512
5.21135	0.00514
5.21892	0.00516
5.22649	0.00519
5.23407	0.00524
5.24164	0.0053
5.24921	0.00536
5.25679	0.00541
5.26436	0.00547
5.27193	0.00553
5.27951	0.00558
5.28708	0.00563
5.29466	0.00567
5.30223	0.0057
5.3098	0.0057
5.31738	0.0057
5.32495	0.0057
5.33252	0.0057
5.3401	0.0057
5.34767	0.0057
5.35524	0.0057
5.36282	0.0057
5.37039	0.0057
5.37797	0.0057
5.38554	0.0057
5.39311	0.0057
5.40069	0.0057
5.40826	0.0057
5.41583	0.0057
5.42341	0.0057
5.43098	0.0057
5.43855	0.0057
5.44613	0.0057
5.4537	0.0057
5.46127	0.0057
5.46885	0.0057
5.47642	0.0057
5.484	0.0057
5.49157	0.0057
5.49914	0.0057
5.50672	0.0057
5.51429	0.0057
5.52186	0.0057
5.52944	0.0057
5.53701	0.0057
5.54458	0.0057
5.55216	0.0057
5.55973	0.0057
5.5673	0.0057
5.57488	0.0057
5.58245	0.0057
5.59003	0.0057
5.5976	0.0057
5.60517	0.0057
5.61275	0.0057
5.62032	0.0057
5.62789	0.0057
5.63547	0.0057
5.64304	0.0057
5.65061	0.0057
5.65819	0.0057
5.66576	0.0057
5.67334	0.0057
5.68091	0.0057
5.68848	0.0057
5.69606	0.0057
5.70363	0.0057
5.7112	0.0057
5.71878	0.0057
5.72635	0.0057
5.73392	0.0057
5.7415	0.0057
5.74907	0.0057
5.75664	0.0057
5.76422	0.0057
5.77179	0.0057
5.77937	0.0057
5.78694	0.0057
5.79451	0.0057
5.80209	0.0057
5.80966	0.0057
5.81723	0.0057
5.82481	0.0057
5.83238	0.0057
5.83995	0.0057
5.84753	0.0057
5.8551	0.0057
5.86268	0.0057
5.87025	0.0057
5.87782	0.0057
5.8854	0.0057
5.89297	0.0057
5.90054	0.0057
5.90812	0.0057
5.91569	0.0057
5.92326	0.0057
5.93084	0.0057
5.93841	0.0057
5.94598	0.0057
5.95356	0.0057
5.96113	0.0057
5.96871	0.0057
5.97628	0.0057
5.98385	0.0057
5.99143	0.0057
5.999	0.0057
6.00657	0.0057
6.01415	0.0057
6.02172	0.0057
6.02929	0.0057
6.03687	0.0057
6.04444	0.0057
6.05201	0.0057
6.05959	0.0057
6.06716	0.0057
6.07474	0.0057
6.08231	0.0057
6.08988	0.0057
6.09746	0.0057
6.10503	0.0057
6.1126	0.0057
6.12018	0.0057
6.12775	0.0057
6.13532	0.0057
6.1429	0.0057
6.15047	0.0057
6.15805	0.0057
6.16562	0.0057
6.17319	0.0057
6.18077	0.0057
6.18834	0.0057
6.19591	0.0057
6.20349	0.00568
6.21106	0.00566
6.21863	0.00564
6.22621	0.00559
6.23378	0.00554
6.24135	0.0055
6.24893	0.00545
6.2565	0.0054
6.26408	0.00536
6.27165	0.00531
6.27922	0.00526
6.2868	0.00522
6.29437	0.00517
6.30194	0.00513
6.30952	0.00508
6.31709	0.00503
6.32466	0.00499
6.33224	0.00494
6.33981	0.00489
6.34738	0.00485
6.35496	0.0048
6.36253	0.00475
6.37011	0.00471
6.37768	0.00466
6.38525	0.00462
6.39283	0.00457
6.4004	0.00452
6.40797	0.00448
6.41555	0.00443
6.42312	0.00438
6.43069	0.00434
6.43827	0.00429
6.44584	0.00424
6.45342	0.00419
6.46099	0.00415
6.46856	0.0041
6.47614	0.00405
6.48371	0.00401
6.49128	0.00396
6.49886	0.00391
6.50643	0.00387
6.514	0.00383
6.52158	0.00378
6.52915	0.00373
6.53672	0.00368
6.5443	0.00364
6.55187	0.00359
6.55945	0.00354
6.56702	0.0035
6.57459	0.00345
6.58217	0.0034
6.58974	0.00336
6.59731	0.00331
6.60489	0.00327
6.61246	0.00322
6.62003	0.00317
6.62761	0.00313
6.63518	0.00308
6.64276	0.00303
6.65033	0.00299
6.6579	0.00294
6.66548	0.00289
6.67305	0.00285
6.68062	0.0028
6.6882	0.00275
6.69577	0.00271
6.70334	0.00266
6.71092	0.00262
6.71849	0.00257
6.72606	0.00252
6.73364	0.00248
6.74121	0.00243
6.74879	0.00238
6.75636	0.00234
6.76393	0.00229
6.77151	0.00224
6.77908	0.0022
6.78665	0.00215
6.79423	0.0021
6.8018	0.00205
6.80937	0.00201
6.81695	0.00196
6.82452	0.00192
6.83209	0.00187
6.83967	0.00183
6.84724	0.00178
6.85482	0.00173
6.86239	0.00169
6.86996	0.00164
6.87754	0.00159
6.88511	0.00154
6.89268	0.0015
6.90026	0.00145
6.90783	0.0014
6.9154	0.00136
6.92298	0.00131
6.93055	0.00127
6.93813	0.00122
6.9457	0.00118
6.95327	0.00113
6.96085	0.00108
6.96842	0.00103
6.97599	9.87685E-4
6.98357	9.40713E-4
6.99114	8.9373E-4
6.99871	8.46739E-4
7.00629	7.99747E-4
7.01386	7.52972E-4
7.02143	7.06972E-4
7.02901	6.60973E-4
7.03658	6.14973E-4
7.04416	5.68497E-4
7.05173	5.2199E-4
7.0593	4.75483E-4
7.06688	4.28989E-4
7.07445	3.82501E-4
7.08202	3.36013E-4
7.0896	3.06556E-4
7.09717	3.04439E-4
7.10474	3.02321E-4
7.11232	3.0043E-4
7.11989	3.0043E-4
7.12746	3.0043E-4
7.13504	3.0043E-4
7.14261	3.0043E-4
7.15019	3.0043E-4
7.15776	3.0043E-4
7.16533	3.0043E-4
7.17291	3.0043E-4
7.18048	3.0043E-4
7.18805	3.0043E-4
7.19563	3.0043E-4
7.2032	3.0043E-4
7.21077	3.0043E-4
7.21835	3.0043E-4
7.22592	3.0043E-4
7.2335	3.0043E-4
7.24107	3.0043E-4
7.24864	3.0043E-4
7.25622	3.0043E-4
7.26379	3.0043E-4
7.27136	3.0043E-4
7.27894	3.0043E-4
7.28651	3.0043E-4
7.29408	3.0043E-4
7.30166	3.0043E-4
7.30923	3.0043E-4
7.3168	3.0043E-4
7.32438	3.0043E-4
7.33195	3.0043E-4
7.33953	3.0043E-4
7.3471	3.0043E-4
7.35467	3.0043E-4
7.36225	3.0043E-4
7.36982	3.0043E-4
7.37739	3.0043E-4
7.38497	3.0043E-4
7.39254	3.0043E-4
7.40011	3.0043E-4
7.40769	3.0043E-4
7.41526	3.0043E-4
7.42284	3.0043E-4
7.43041	3.0043E-4
7.43798	3.0043E-4
7.44556	3.0043E-4
7.45313	3.0043E-4
7.4607	3.0043E-4
7.46828	3.0043E-4
7.47585	3.0043E-4
7.48342	3.0043E-4
7.491	3.0043E-4
7.49857	3.0043E-4
7.50614	3.0043E-4
7.51372	3.0043E-4
7.52129	3.0043E-4
7.52887	3.0043E-4
7.53644	3.0043E-4
7.54401	3.0043E-4
7.55159	3.0043E-4
7.55916	3.0043E-4
7.56673	3.0043E-4
7.57431	3.0043E-4
7.58188	3.0043E-4
7.58945	3.0043E-4
7.59703	3.0043E-4
7.6046	3.0043E-4
7.61217	3.0043E-4
7.61975	3.0043E-4
7.62732	3.0043E-4
7.6349	3.06175E-4
7.64247	3.27239E-4
7.65004	3.48303E-4
7.65762	3.69368E-4
7.66519	7.77699E-4
7.67276	0.00119
7.68034	0.0016
7.68791	0.00201
7.69548	0.00242
7.70306	0.00283
7.71063	0.00324
7.71821	0.00365
7.72578	0.00406
7.73335	0.00448
7.74093	0.00489
7.7485	0.0053
7.75607	0.00571
7.76365	0.00612
7.77122	0.00653
7.77879	0.00694
7.78637	0.00735
7.79394	0.00776
7.80151	0.00817
7.80909	0.00858
7.81666	0.00899
7.82424	0.0094
7.83181	0.00981
7.83938	0.01022
7.84696	0.01063
7.85453	0.01104
7.8621	0.01145
7.86968	0.01186
7.87725	0.01227
7.88482	0.01268
7.8924	0.0131
7.89997	0.01351
7.90755	0.01392
7.91512	0.01433
7.92269	0.01474
7.93027	0.01515
7.93784	0.01556
7.94541	0.01597
7.95299	0.01638
7.96056	0.01793
7.96813	0.02007
7.97571	0.02221
7.98328	0.02435
7.99085	0.02649
7.99843	0.02863
8.006	0.03077
8.01358	0.03291
8.02115	0.03505
8.02872	0.03719
8.0363	0.03933
8.04387	0.04148
8.05144	0.04362
8.05902	0.04576
8.06659	0.0479
8.07416	0.05004
8.08174	0.05218
8.08931	0.05432
8.09688	0.05646
8.10446	0.05861
8.11203	0.06075
8.11961	0.06289
8.12718	0.06502
8.13475	0.06717
8.14233	0.06931
8.1499	0.07145
8.15747	0.07359
8.16505	0.07573
8.17262	0.07787
8.18019	0.08001
8.18777	0.08215
8.19534	0.08429
8.20292	0.08643
8.21049	0.08857
8.21806	0.09071
8.22564	0.09286
8.23321	0.09655
8.24078	0.10127
8.24836	0.10598
8.25593	0.11093
8.2635	0.11636
8.27108	0.1218
8.27865	0.12723
8.28622	0.13267
8.2938	0.1381
8.30137	0.14353
8.30895	0.14897
8.31652	0.1544
8.32409	0.15984
8.33167	0.16527
8.33924	0.1707
8.34681	0.17614
8.35439	0.18157
8.36196	0.187
8.36953	0.19243
8.37711	0.19787
8.38468	0.2033
8.39225	0.20874
8.39983	0.21417
8.4074	0.22025
8.41498	0.22666
8.42255	0.23306
8.43012	0.23963
8.4377	0.24646
8.44527	0.25329
8.45284	0.26012
8.46042	0.26695
8.46799	0.27378
8.47556	0.28061
8.48314	0.28744
8.49071	0.29427
8.49829	0.3011
8.50586	0.30793
8.51343	0.31476
8.52101	0.32158
8.52858	0.32841
8.53615	0.33525
8.54373	0.34208
8.5513	0.34891
8.55887	0.35542
8.56645	0.36193
8.57402	0.36843
8.58159	0.37489
8.58917	0.38133
8.59674	0.38777
8.60432	0.39421
8.61189	0.40064
8.61946	0.40708
8.62704	0.41351
8.63461	0.41995
8.64218	0.42639
8.64976	0.43283
8.65733	0.43927
8.6649	0.44571
8.67248	0.45214
8.68005	0.45858
8.68763	0.46502
8.6952	0.47145
8.70277	0.47756
8.71035	0.48299
8.71792	0.48842
8.72549	0.49384
8.73307	0.49908
8.74064	0.50432
8.74821	0.50956
8.75579	0.5148
8.76336	0.52004
8.77093	0.52527
8.77851	0.53051
8.78608	0.53575
8.79366	0.54099
8.80123	0.54622
8.8088	0.55146
8.81638	0.5567
8.82395	0.56194
8.83152	0.56717
8.8391	0.57241
8.84667	0.57765
8.85424	0.58289
8.86182	0.58812
8.86939	0.59336
8.87696	0.59908
8.88454	0.60559
8.89211	0.6121
8.89969	0.61923
8.90726	0.63177
8.91483	0.6443
8.92241	0.65683
8.92998	0.66936
8.93755	0.68189
8.94513	0.69442
8.9527	0.70695
8.96027	0.71949
8.96785	0.73202
8.97542	0.74455
8.983	0.75708
8.99057	0.76961
8.99814	0.78214
9.00572	0.79504
9.01329	0.80794
9.02086	0.82085
9.02844	0.83395
9.03601	0.84713
9.04358	0.86032
9.05116	0.8735
9.05873	0.88669
9.0663	0.89988
9.07388	0.91295
9.08145	0.92543
9.08903	0.93791
9.0966	0.95039
9.10417	0.96231
9.11175	0.97415
9.11932	0.98598
9.12689	0.99782
9.13447	1.00966
9.14204	1.0215
9.14961	1.03288
9.15719	1.04333
9.16476	1.05378
9.17233	1.06405
9.17991	1.07074
9.18748	1.07742
9.19506	1.08411
9.20263	1.0908
9.2102	1.09749
9.21778	1.10418
9.22535	1.11087
9.23292	1.11756
9.2405	1.12424
9.24807	1.13093
9.25564	1.13762
9.26322	1.14431
9.27079	1.151
9.27837	1.15769
9.28594	1.16438
9.29351	1.17106
9.30109	1.1777
9.30866	1.18431
9.31623	1.19093
9.32381	1.19697
9.33138	1.20209
9.33895	1.20721
9.34653	1.21232
9.3541	1.21744
9.36167	1.22256
9.36925	1.22768
9.37682	1.23279
9.3844	1.23791
9.39197	1.24302
9.39954	1.24814
9.40712	1.25326
9.41469	1.25838
9.42226	1.26348
9.42984	1.26854
9.43741	1.27359
9.44498	1.27865
9.45256	1.28203
9.46013	1.28539
9.46771	1.28875
9.47528	1.29212
9.48285	1.29548
9.49043	1.29884
9.498	1.3022
9.50557	1.30556
9.51315	1.30892
9.52072	1.31228
9.52829	1.31565
9.53587	1.31901
9.54344	1.32237
9.55101	1.32573
9.55859	1.32909
9.56616	1.33245
9.57374	1.33581
9.58131	1.33918
9.58888	1.34254
9.59646	1.3459
9.60403	1.34926
9.6116	1.35262
9.61918	1.35598
9.62675	1.35934
9.63432	1.36271
9.6419	1.36607
9.64947	1.36594
9.65704	1.36477
9.66462	1.36361
9.67219	1.36221
9.67977	1.36058
9.68734	1.35895
9.69491	1.35732
9.70249	1.3557
9.71006	1.35407
9.71763	1.35244
9.72521	1.35081
9.73278	1.34919
9.74035	1.34756
9.74793	1.34593
9.7555	1.3443
9.76308	1.34268
9.77065	1.34105
9.77822	1.33942
9.7858	1.3378
9.79337	1.33617
9.80094	1.33454
9.80852	1.33291
9.81609	1.33129
9.82366	1.32966
9.83124	1.32803
9.83881	1.3264
9.84638	1.32478
9.85396	1.32315
9.86153	1.32152
9.86911	1.31989
9.87668	1.31826
9.88425	1.31663
9.89183	1.31501
9.8994	1.31338
9.90697	1.31175
9.91455	1.31012
9.92212	1.30838
9.92969	1.30658
9.93727	1.30478
9.94484	1.30217
9.95241	1.29851
9.95999	1.29485
9.96756	1.29118
9.97514	1.28752
9.98271	1.28385
9.99028	1.28019
9.99786	1.27652
10.00543	1.27285
10.013	1.26919
10.02058	1.26552
10.02815	1.26186
10.03572	1.25819
10.0433	1.25453
10.05087	1.25086
10.05845	1.2472
10.06602	1.24354
10.07359	1.23987
10.08117	1.2362
10.08874	1.23254
10.09631	1.22887
10.10389	1.22521
10.11146	1.22155
10.11903	1.21788
10.12661	1.21421
10.13418	1.21055
10.14175	1.20687
10.14933	1.20319
10.1569	1.1995
10.16448	1.19581
10.17205	1.19207
10.17962	1.18833
10.1872	1.1846
10.19477	1.18086
10.20234	1.17712
10.20992	1.17338
10.21749	1.16964
10.22506	1.1659
10.23264	1.16216
10.24021	1.15842
10.24779	1.15468
10.25536	1.15094
10.26293	1.1472
10.27051	1.14346
10.27808	1.13972
10.28565	1.13598
10.29323	1.13224
10.3008	1.1285
10.30837	1.12476
10.31595	1.12102
10.32352	1.11729
10.33109	1.11355
10.33867	1.10981
10.34624	1.10607
10.35382	1.10233
10.36139	1.09859
10.36896	1.09485
10.37654	1.09111
10.38411	1.08737
10.39168	1.08363
10.39926	1.07989
10.40683	1.07615
10.4144	1.07241
10.42198	1.06867
10.42955	1.06494
10.43712	1.0612
10.4447	1.05746
10.45227	1.05372
10.45985	1.04998
10.46742	1.0463
10.47499	1.04266
10.48257	1.03902
10.49014	1.03538
10.49771	1.03175
10.50529	1.02812
10.51286	1.02448
10.52043	1.02086
10.52801	1.01723
10.53558	1.0136
10.54316	1.00997
10.55073	1.00634
10.5583	1.00272
10.56588	0.99909
10.57345	0.99546
10.58102	0.99183
10.5886	0.9882
10.59617	0.98457
10.60374	0.98094
10.61132	0.97731
10.61889	0.97368
10.62646	0.97005
10.63404	0.96643
10.64161	0.9628
10.64919	0.95917
10.65676	0.95554
10.66433	0.95191
10.67191	0.94828
10.67948	0.94466
10.68705	0.94103
10.69463	0.9374
10.7022	0.93377
10.70977	0.93014
10.71735	0.92651
10.72492	0.92288
10.73249	0.91925
10.74007	0.91562
10.74764	0.91199
10.75522	0.90837
10.76279	0.90472
10.77036	0.90101
10.77794	0.89731
10.78551	0.89361
10.79308	0.88845
10.80066	0.88327
10.80823	0.8781
10.8158	0.87292
10.82338	0.86775
10.83095	0.86257
10.83853	0.8574
10.8461	0.85222
10.85367	0.84704
10.86125	0.84186
10.86882	0.83669
10.87639	0.83151
10.88397	0.82633
10.89154	0.82116
10.89911	0.81598
10.90669	0.81081
10.91426	0.80563
10.92183	0.80046
10.92941	0.79528
10.93698	0.7901
10.94456	0.78493
10.95213	0.77975
10.9597	0.77457
10.96728	0.7694
10.97485	0.76422
10.98242	0.75904
10.99	0.75387
10.99757	0.74869
11.00514	0.74351
11.01272	0.73873
11.02029	0.73435
11.02787	0.72997
11.03544	0.72564
11.04301	0.72151
11.05059	0.71737
11.05816	0.71323
11.06573	0.70909
11.07331	0.70495
11.08088	0.70081
11.08845	0.69667
11.09603	0.69254
11.1036	0.6884
11.11117	0.68426
11.11875	0.68012
11.12632	0.67598
11.1339	0.67184
11.14147	0.6677
11.14904	0.66357
11.15662	0.65943
11.16419	0.65529
11.17176	0.65115
11.17934	0.64701
11.18691	0.64287
11.19448	0.63873
11.20206	0.63459
11.20963	0.63046
11.2172	0.62632
11.22478	0.62218
11.23235	0.61804
11.23993	0.61386
11.2475	0.60969
11.25507	0.60552
11.26265	0.60101
11.27022	0.59637
11.27779	0.59174
11.28537	0.5871
11.29294	0.58246
11.30051	0.57783
11.30809	0.57319
11.31566	0.56855
11.32324	0.56391
11.33081	0.55927
11.33838	0.55463
11.34596	0.55
11.35353	0.54536
11.3611	0.54072
11.36868	0.53609
11.37625	0.53145
11.38382	0.52681
11.3914	0.52217
11.39897	0.51754
11.40654	0.5129
11.41412	0.50826
11.42169	0.50362
11.42927	0.49898
11.43684	0.49435
11.44441	0.48971
11.45199	0.48507
11.45956	0.48043
11.46713	0.4758
11.47471	0.47116
11.48228	0.46659
11.48985	0.46227
11.49743	0.45796
11.505	0.45364
11.51258	0.44981
11.52015	0.446
11.52772	0.4422
11.5353	0.43839
11.54287	0.43459
11.55044	0.43079
11.55802	0.42699
11.56559	0.42318
11.57316	0.41938
11.58074	0.41558
11.58831	0.41178
11.59588	0.40797
11.60346	0.40417
11.61103	0.40037
11.61861	0.39656
11.62618	0.39276
11.63375	0.38896
11.64133	0.38516
11.6489	0.38135
11.65647	0.37755
11.66405	0.37375
11.67162	0.36995
11.67919	0.36614
11.68677	0.36234
11.69434	0.35854
11.70191	0.35474
11.70949	0.35093
11.71706	0.34713
11.72464	0.34333
11.73221	0.33967
11.73978	0.33619
11.74736	0.33271
11.75493	0.32938
11.7625	0.32682
11.77008	0.32426
11.77765	0.3217
11.78522	0.31915
11.7928	0.31659
11.80037	0.31403
11.80795	0.31147
11.81552	0.30891
11.82309	0.30635
11.83067	0.3038
11.83824	0.30124
11.84581	0.29868
11.85339	0.29612
11.86096	0.29356
11.86853	0.291
11.87611	0.28845
11.88368	0.28589
11.89125	0.28333
11.89883	0.28077
11.9064	0.27821
11.91398	0.27565
11.92155	0.27309
11.92912	0.27054
11.9367	0.26798
11.94427	0.26542
11.95184	0.26286
11.95942	0.2603
11.96699	0.25774
11.97456	0.25519
11.98214	0.25263
11.98971	0.25007
11.99728	0.24751
12.00486	0.24495
12.01243	0.24239
12.02001	0.23984
12.02758	0.23728
12.03515	0.23472
12.04273	0.23216
12.0503	0.2296
12.05787	0.22704
12.06545	0.22449
12.07302	0.22193
12.08059	0.21937
12.08817	0.21681
12.09574	0.21425
12.10332	0.21195
12.11089	0.21036
12.11846	0.20877
12.12604	0.20718
12.13361	0.20574
12.14118	0.20431
12.14876	0.20288
12.15633	0.20144
12.1639	0.20001
12.17148	0.19858
12.17905	0.19714
12.18662	0.19571
12.1942	0.19428
12.20177	0.19285
12.20935	0.19141
12.21692	0.18998
12.22449	0.18855
12.23207	0.18711
12.23964	0.18568
12.24721	0.18424
12.25479	0.18281
12.26236	0.18138
12.26993	0.17994
12.27751	0.17851
12.28508	0.17708
12.29266	0.17564
12.30023	0.17421
12.3078	0.17278
12.31538	0.17134
12.32295	0.16991
12.33052	0.16848
12.3381	0.16704
12.34567	0.16561
12.35324	0.16418
12.36082	0.16274
12.36839	0.16131
12.37596	0.15987
12.38354	0.15844
12.39111	0.15701
12.39869	0.15557
12.40626	0.15414
12.41383	0.15271
12.42141	0.15127
12.42898	0.14984
12.43655	0.14841
12.44413	0.14698
12.4517	0.14554
12.45927	0.14411
12.46685	0.14268
12.47442	0.14124
12.48199	0.13981
12.48957	0.13838
12.49714	0.13695
12.50472	0.13551
12.51229	0.13408
12.51986	0.13264
12.52744	0.13121
12.53501	0.12977
12.54258	0.12834
12.55016	0.12691
12.55773	0.12547
12.5653	0.12404
12.57288	0.12261
12.58045	0.12184
12.58803	0.12107
12.5956	0.12031
12.60317	0.11966
12.61075	0.11906
12.61832	0.11845
12.62589	0.11785
12.63347	0.11725
12.64104	0.11664
12.64861	0.11604
12.65619	0.11544
12.66376	0.11483
12.67133	0.11423
12.67891	0.11363
12.68648	0.11303
12.69406	0.11242
12.70163	0.11182
12.7092	0.11122
12.71678	0.11062
12.72435	0.11001
12.73192	0.10941
12.7395	0.10881
12.74707	0.10821
12.75464	0.1076
12.76222	0.107
12.76979	0.10639
12.77736	0.10579
12.78494	0.10519
12.79251	0.10459
12.80009	0.10399
12.80766	0.10338
12.81523	0.10278
12.82281	0.10218
12.83038	0.10158
12.83795	0.10097
12.84553	0.10037
12.8531	0.09977
12.86067	0.09916
12.86825	0.09856
12.87582	0.09796
12.8834	0.09735
12.89097	0.09675
12.89854	0.09615
12.90612	0.09555
12.91369	0.09495
12.92126	0.09434
12.92884	0.09374
12.93641	0.09314
12.94398	0.09254
12.95156	0.09193
12.95913	0.09133
12.9667	0.09073
12.97428	0.09013
12.98185	0.08952
12.98943	0.08892
12.997	0.08831
13.00457	0.08771
13.01215	0.08711
13.01972	0.08651
13.02729	0.0859
13.03487	0.0853
13.04244	0.0847
13.05001	0.0841
13.05759	0.0835
13.06516	0.08289
13.07274	0.08229
13.08031	0.08169
13.08788	0.08108
13.09546	0.08048
13.10303	0.07988
13.1106	0.07927
13.11818	0.07867
13.12575	0.07807
13.13332	0.07747
13.1409	0.07686
13.14847	0.07626
13.15604	0.07566
13.16362	0.07506
13.17119	0.07446
13.17877	0.07385
13.18634	0.07325
13.19391	0.07265
13.20149	0.07204
13.20906	0.07144
13.21663	0.07084
13.22421	0.07023
13.23178	0.06963
13.23935	0.06903
13.24693	0.06843
13.2545	0.06782
13.26207	0.06722
13.26965	0.06662
13.27722	0.06602
13.2848	0.06541
13.29237	0.06481
13.29994	0.06446
13.30752	0.06414
13.31509	0.06381
13.32266	0.0636
13.33024	0.06345
13.33781	0.0633
13.34538	0.06315
13.35296	0.063
13.36053	0.06285
13.36811	0.0627
13.37568	0.06255
13.38325	0.0624
13.39083	0.06225
13.3984	0.0621
13.40597	0.06195
13.41355	0.0618
13.42112	0.06165
13.42869	0.0615
13.43627	0.06135
13.44384	0.0612
13.45141	0.06105
13.45899	0.0609
13.46656	0.06076
13.47414	0.06061
13.48171	0.06046
13.48928	0.06031
13.49686	0.06016
13.50443	0.06001
13.512	0.05986
13.51958	0.05971
13.52715	0.05956
13.53472	0.05941
13.5423	0.05926
13.54987	0.05911
13.55744	0.05896
13.56502	0.05881
13.57259	0.05866
13.58017	0.05851
13.58774	0.05836
13.59531	0.05821
13.60289	0.05806
13.61046	0.05791
13.61803	0.05777
13.62561	0.05762
13.63318	0.05747
13.64075	0.05732
13.64833	0.05717
13.6559	0.05702
13.66348	0.05687
13.67105	0.05672
13.67862	0.05657
13.6862	0.05642
13.69377	0.05627
13.70134	0.05612
13.70892	0.05597
13.71649	0.05582
13.72406	0.05567
13.73164	0.05552
13.73921	0.05537
13.74678	0.05522
13.75436	0.05507
13.76193	0.05492
13.76951	0.05478
13.77708	0.05463
13.78465	0.05448
13.79223	0.05433
13.7998	0.05418
13.80737	0.05403
13.81495	0.05388
13.82252	0.05373
13.83009	0.05358
13.83767	0.05343
13.84524	0.05328
13.85282	0.05313
13.86039	0.05298
13.86796	0.05283
13.87554	0.05268
13.88311	0.05253
13.89068	0.05238
13.89826	0.05223
13.90583	0.05208
13.9134	0.05194
13.92098	0.05179
13.92855	0.05164
13.93612	0.05149
13.9437	0.05134
13.95127	0.05119
13.95885	0.05104
13.96642	0.05089
13.97399	0.05074
13.98157	0.05059
13.98914	0.05044
13.99671	0.05029
14.00429	0.05014
14.01186	0.04999
14.01943	0.04984
14.02701	0.04969
14.03458	0.04954
14.04215	0.04939
14.04973	0.04924
14.0573	0.04909
14.06488	0.04895
14.07245	0.0488
14.08002	0.04865
14.0876	0.0485
14.09517	0.04835
14.10274	0.0482
14.11032	0.04805
14.11789	0.04814
14.12546	0.0483
14.13304	0.04847
14.14061	0.04879
14.14819	0.04927
14.15576	0.04976
14.16333	0.05024
14.17091	0.05073
14.17848	0.05122
14.18605	0.0517
14.19363	0.05219
14.2012	0.05267
14.20877	0.05316
14.21635	0.05364
14.22392	0.05413
14.23149	0.05461
14.23907	0.0551
14.24664	0.05558
14.25422	0.05607
14.26179	0.05655
14.26936	0.05704
14.27694	0.05752
14.28451	0.05801
14.29208	0.0585
14.29966	0.05898
14.30723	0.05947
14.3148	0.05995
14.32238	0.06044
14.32995	0.06092
14.33753	0.06141
14.3451	0.06189
14.35267	0.06238
14.36025	0.06287
14.36782	0.06335
14.37539	0.06384
14.38297	0.06432
14.39054	0.06481
14.39811	0.06529
14.40569	0.06578
14.41326	0.06626
14.42083	0.06674
14.42841	0.06723
14.43598	0.06772
14.44356	0.0682
14.45113	0.06869
14.4587	0.06918
14.46628	0.06966
14.47385	0.07015
14.48142	0.07063
14.489	0.07112
14.49657	0.0716
14.50414	0.07208
14.51172	0.07257
14.51929	0.07305
14.52686	0.07354
14.53444	0.07402
14.54201	0.07451
14.54959	0.075
14.55716	0.07548
14.56473	0.07597
14.57231	0.07645
14.57988	0.07694
14.58745	0.07742
14.59503	0.07791
14.6026	0.07839
14.61017	0.07888
14.61775	0.07936
14.62532	0.07985
14.6329	0.08033
14.64047	0.08082
14.64804	0.08131
14.65562	0.08179
14.66319	0.08228
14.67076	0.08276
14.67834	0.08325
14.68591	0.08373
14.69348	0.08422
14.70106	0.0847
14.70863	0.08519
14.7162	0.08567
14.72378	0.08616
14.73135	0.08664
14.73893	0.08713
14.7465	0.08762
14.75407	0.0881
14.76165	0.08859
14.76922	0.08907
14.77679	0.08956
14.78437	0.09004
14.79194	0.09053
14.79951	0.09101
14.80709	0.0915
14.81466	0.09198
14.82223	0.09247
14.82981	0.09295
14.83738	0.09344
14.84496	0.09392
14.85253	0.09441
14.8601	0.09505
14.86768	0.0959
14.87525	0.09675
14.88282	0.09763
14.8904	0.09868
14.89797	0.09972
14.90554	0.10076
14.91312	0.10181
14.92069	0.10285
14.92827	0.1039
14.93584	0.10494
14.94341	0.10599
14.95099	0.10703
14.95856	0.10807
14.96613	0.10912
14.97371	0.11016
14.98128	0.11121
14.98885	0.11225
14.99643	0.1133
15.004	0.11434
15.01157	0.11539
15.01915	0.11643
15.02672	0.11747
15.0343	0.11852
15.04187	0.11956
15.04944	0.12061
15.05702	0.12165
15.06459	0.1227
15.07216	0.12374
15.07974	0.12478
15.08731	0.12583
15.09488	0.12687
15.10246	0.12791
15.11003	0.12895
15.11761	0.13
15.12518	0.13104
15.13275	0.13209
15.14033	0.13313
15.1479	0.13418
15.15547	0.13522
15.16305	0.13626
15.17062	0.13731
15.17819	0.13835
15.18577	0.1394
15.19334	0.14044
15.20091	0.14149
15.20849	0.14253
15.21606	0.14357
15.22364	0.14462
15.23121	0.14566
15.23878	0.14671
15.24636	0.14775
15.25393	0.1488
15.2615	0.14984
15.26908	0.15088
15.27665	0.15193
15.28422	0.15297
15.2918	0.15402
15.29937	0.15506
15.30694	0.15611
15.31452	0.15715
15.32209	0.15819
15.32967	0.15924
15.33724	0.16028
15.34481	0.16132
15.35239	0.16237
15.35996	0.16341
15.36753	0.16445
15.37511	0.1655
15.38268	0.16654
15.39025	0.16759
15.39783	0.16863
15.4054	0.16968
15.41298	0.17072
15.42055	0.17176
15.42812	0.17281
15.4357	0.17385
15.44327	0.1749
15.45084	0.17594
15.45842	0.17698
15.46599	0.17803
15.47356	0.17907
15.48114	0.18012
15.48871	0.18116
15.49628	0.18221
15.50386	0.18328
15.51143	0.18444
15.51901	0.18561
15.52658	0.18677
15.53415	0.18805
15.54173	0.18934
15.5493	0.19063
15.55687	0.19192
15.56445	0.19321
15.57202	0.1945
15.57959	0.19579
15.58717	0.19708
15.59474	0.19837
15.60231	0.19966
15.60989	0.20094
15.61746	0.20223
15.62504	0.20352
15.63261	0.20481
15.64018	0.2061
15.64776	0.20739
15.65533	0.20868
15.6629	0.20997
15.67048	0.21125
15.67805	0.21254
15.68562	0.21383
15.6932	0.21512
15.70077	0.21641
15.70835	0.2177
15.71592	0.21899
15.72349	0.22028
15.73107	0.22157
15.73864	0.22286
15.74621	0.22414
15.75379	0.22543
15.76136	0.22672
15.76893	0.22801
15.77651	0.2293
15.78408	0.23059
15.79165	0.23188
15.79923	0.23317
15.8068	0.23446
15.81438	0.23575
15.82195	0.23704
15.82952	0.23832
15.8371	0.23961
15.84467	0.2409
15.85224	0.24219
15.85982	0.24348
15.86739	0.24477
15.87496	0.24606
15.88254	0.24735
15.89011	0.24864
15.89769	0.24993
15.90526	0.25122
15.91283	0.25251
15.92041	0.2538
15.92798	0.25509
15.93555	0.25637
15.94313	0.25766
15.9507	0.25895
15.95827	0.26024
15.96585	0.26153
15.97342	0.26282
15.98099	0.26411
15.98857	0.2654
15.99614	0.26669
16.00372	0.26798
16.01129	0.26926
16.01886	0.27055
16.02644	0.27184
16.03401	0.27313
16.04158	0.27442
16.04916	0.27571
16.05673	0.277
16.0643	0.27829
16.07188	0.27957
16.07945	0.28086
16.08702	0.28215
16.0946	0.28344
16.10217	0.28473
16.10975	0.28602
16.11732	0.28731
16.12489	0.2886
16.13247	0.28989
16.14004	0.29118
16.14761	0.29246
16.15519	0.29375
16.16276	0.29505
16.17033	0.29634
16.17791	0.29754
16.18548	0.29871
16.19306	0.29988
16.20063	0.30084
16.2082	0.30152
16.21578	0.30219
16.22335	0.30287
16.23092	0.30355
16.2385	0.30422
16.24607	0.3049
16.25364	0.30557
16.26122	0.30625
16.26879	0.30692
16.27636	0.3076
16.28394	0.30827
16.29151	0.30895
16.29909	0.30963
16.30666	0.3103
16.31423	0.31098
16.32181	0.31165
16.32938	0.31233
16.33695	0.313
16.34453	0.31368
16.3521	0.31435
16.35967	0.31503
16.36725	0.3157
16.37482	0.31638
16.38239	0.31705
16.38997	0.31773
16.39754	0.31841
16.40512	0.31908
16.41269	0.31976
16.42026	0.32043
16.42784	0.32111
16.43541	0.32178
16.44298	0.32246
16.45056	0.32313
16.45813	0.32381
16.4657	0.32449
16.47328	0.32516
16.48085	0.32584
16.48843	0.32651
16.496	0.32719
16.50357	0.32786
16.51115	0.32854
16.51872	0.32921
16.52629	0.32989
16.53387	0.33056
16.54144	0.33124
16.54901	0.33191
16.55659	0.33259
16.56416	0.33327
16.57173	0.33394
16.57931	0.33462
16.58688	0.33529
16.59446	0.33597
16.60203	0.33664
16.6096	0.33732
16.61718	0.33799
16.62475	0.33867
16.63232	0.33934
16.6399	0.34002
16.64747	0.3407
16.65504	0.34137
16.66262	0.34205
16.67019	0.34272
16.67777	0.3434
16.68534	0.34407
16.69291	0.34475
16.70049	0.34542
16.70806	0.3461
16.71563	0.34678
16.72321	0.34745
16.73078	0.34813
16.73835	0.3488
16.74593	0.34948
16.7535	0.35015
16.76107	0.35083
16.76865	0.3515
16.77622	0.35218
16.7838	0.35285
16.79137	0.35353
16.79894	0.3542
16.80652	0.35488
16.81409	0.35556
16.82166	0.35623
16.82924	0.35691
16.83681	0.35758
16.84438	0.35826
16.85196	0.35893
16.85953	0.35961
16.8671	0.36028
16.87468	0.36096
16.88225	0.36164
16.88983	0.36231
16.8974	0.363
16.90497	0.36368
16.91255	0.36437
16.92012	0.36506
16.92769	0.36576
16.93527	0.36645
16.94284	0.36714
16.95041	0.36784
16.95799	0.36853
16.96556	0.36923
16.97314	0.36992
16.98071	0.37062
16.98828	0.37131
16.99586	0.37201
17.00343	0.3727
17.011	0.3734
17.01858	0.37409
17.02615	0.37479
17.03372	0.37548
17.0413	0.37617
17.04887	0.37687
17.05644	0.37756
17.06402	0.37826
17.07159	0.37895
17.07917	0.37965
17.08674	0.38034
17.09431	0.38104
17.10189	0.38173
17.10946	0.38243
17.11703	0.38312
17.12461	0.38382
17.13218	0.38451
17.13975	0.3852
17.14733	0.3859
17.1549	0.38659
17.16247	0.38729
17.17005	0.38798
17.17762	0.38867
17.1852	0.38937
17.19277	0.39006
17.20034	0.39076
17.20792	0.39145
17.21549	0.39215
17.22306	0.39284
17.23064	0.39354
17.23821	0.39423
17.24578	0.39493
17.25336	0.39562
17.26093	0.39632
17.26851	0.39701
17.27608	0.3977
17.28365	0.3984
17.29123	0.39909
17.2988	0.38571
17.30637	0.38616
17.31395	0.38661
17.32152	0.38707
17.32909	0.38752
17.33667	0.38797
17.34424	0.38842
17.35181	0.38887
17.35939	0.38932
17.36696	0.38978
17.37454	0.39023
17.38211	0.39068
17.38968	0.39113
17.39726	0.39158
17.40483	0.39204
17.4124	0.39249
17.41998	0.39294
17.42755	0.39339
17.43512	0.39384
17.4427	0.39429
17.45027	0.39475
17.45785	0.3952
17.46542	0.39565
17.47299	0.3961
17.48057	0.39655
17.48814	0.39701
17.49571	0.39746
17.50329	0.39791
17.51086	0.39836
17.51843	0.39881
17.52601	0.39926
17.53358	0.39972
17.54115	0.40017
17.54873	0.40062
17.5563	0.40071
17.56388	0.40077
17.57145	0.40084
17.57902	0.4009
17.5866	0.40097
17.59417	0.40104
17.60174	0.4011
17.60932	0.40117
17.61689	0.40123
17.62446	0.4013
17.63204	0.40136
17.63961	0.40143
17.64718	0.4015
17.65476	0.40156
17.66233	0.40163
17.66991	0.40169
17.67748	0.40176
17.68505	0.40182
17.69263	0.40189
17.7002	0.40196
17.70777	0.40202
17.71535	0.40209
17.72292	0.40215
17.73049	0.40222
17.73807	0.40229
17.74564	0.40235
17.75322	0.40242
17.76079	0.40248
17.76836	0.40255
17.77594	0.40261
17.78351	0.40268
17.79108	0.40275
17.79866	0.40281
17.80623	0.40288
17.8138	0.40294
17.82138	0.40301
17.82895	0.40307
17.83652	0.40314
17.8441	0.40321
17.85167	0.40327
17.85925	0.40334
17.86682	0.4034
17.87439	0.40347
17.88197	0.40354
17.88954	0.4036
17.89711	0.40367
17.90469	0.40373
17.91226	0.4038
17.91983	0.40386
17.92741	0.40393
17.93498	0.404
17.94256	0.40406
17.95013	0.40413
17.9577	0.40419
17.96528	0.40426
17.97285	0.40433
17.98042	0.40439
17.988	0.40446
17.99557	0.40452
18.00314	0.40459
18.01072	0.40465
18.01829	0.40472
18.02586	0.40479
18.03344	0.40485
18.04101	0.40492
18.04859	0.40498
18.05616	0.40505
18.06373	0.40511
18.07131	0.40518
18.07888	0.40525
18.08645	0.40531
18.09403	0.40538
18.1016	0.40544
18.10917	0.40551
18.11675	0.40558
18.12432	0.40564
18.13189	0.40571
18.13947	0.40577
18.14704	0.40584
18.15462	0.4059
18.16219	0.40597
18.16976	0.40604
18.17734	0.4061
18.18491	0.40617
18.19248	0.4062
18.20006	0.40617
18.20763	0.40614
18.2152	0.4061
18.22278	0.40607
18.23035	0.40604
18.23793	0.40601
18.2455	0.40598
18.25307	0.40595
18.26065	0.40592
18.26822	0.40588
18.27579	0.40585
18.28337	0.40582
18.29094	0.40579
18.29851	0.40576
18.30609	0.40573
18.31366	0.4057
18.32123	0.40566
18.32881	0.40563
18.33638	0.4056
18.34396	0.40557
18.35153	0.40554
18.3591	0.40551
18.36668	0.40548
18.37425	0.40544
18.38182	0.40541
18.3894	0.40538
18.39697	0.40535
18.40454	0.40532
18.41212	0.40529
18.41969	0.40526
18.42726	0.40522
18.43484	0.40519
18.44241	0.40516
18.44999	0.40513
18.45756	0.4051
18.46513	0.40507
18.47271	0.40504
18.48028	0.405
18.48785	0.40497
18.49543	0.40494
18.503	0.40491
18.51057	0.40488
18.51815	0.40485
18.52572	0.40482
18.5333	0.40478
18.54087	0.40475
18.54844	0.40472
18.55602	0.40469
18.56359	0.40466
18.57116	0.40463
18.57874	0.40459
18.58631	0.40456
18.59388	0.40453
18.60146	0.4045
18.60903	0.40447
18.6166	0.40444
18.62418	0.40441
18.63175	0.40437
18.63933	0.40434
18.6469	0.40431
18.65447	0.40428
18.66205	0.40425
18.66962	0.40422
18.67719	0.40419
18.68477	0.40415
18.69234	0.40412
18.69991	0.40409
18.70749	0.40406
18.71506	0.40403
18.72264	0.404
18.73021	0.40397
18.73778	0.40393
18.74536	0.4039
18.75293	0.40387
18.7605	0.40384
18.76808	0.40381
18.77565	0.40378
18.78322	0.40375
18.7908	0.40371
18.79837	0.40368
18.80594	0.40365
18.81352	0.40362
18.82109	0.40359
18.82867	0.40356
18.83624	0.40353
18.84381	0.40349
18.85139	0.40346
18.85896	0.40343
18.86653	0.40304
18.87411	0.40259
18.88168	0.40213
18.88925	0.40168
18.89683	0.40123
18.9044	0.40077
18.91197	0.40032
18.91955	0.39987
18.92712	0.39942
18.9347	0.39896
18.94227	0.39851
18.94984	0.39806
18.95742	0.3976
18.96499	0.39715
18.97256	0.3967
18.98014	0.39625
18.98771	0.39579
18.99528	0.39534
19.00286	0.39489
19.01043	0.39444
19.01801	0.39398
19.02558	0.39353
19.03315	0.39308
19.04073	0.39262
19.0483	0.39217
19.05587	0.39172
19.06345	0.39127
19.07102	0.39081
19.07859	0.39036
19.08617	0.38991
19.09374	0.38946
19.10131	0.389
19.10889	0.38855
19.11646	0.3881
19.12404	0.38764
19.13161	0.38719
19.13918	0.38674
19.14676	0.38629
19.15433	0.38583
19.1619	0.38538
19.16948	0.38493
19.17705	0.38447
19.18462	0.38402
19.1922	0.38357
19.19977	0.38312
19.20734	0.38266
19.21492	0.38221
19.22249	0.38176
19.23007	0.38131
19.23764	0.38085
19.24521	0.3804
19.25279	0.37995
19.26036	0.37949
19.26793	0.37904
19.27551	0.37859
19.28308	0.37814
19.29065	0.37768
19.29823	0.37723
19.3058	0.37678
19.31338	0.37632
19.32095	0.37587
19.32852	0.37542
19.3361	0.37497
19.34367	0.37451
19.35124	0.37406
19.35882	0.37361
19.36639	0.37316
19.37396	0.3727
19.38154	0.37225
19.38911	0.3718
19.39668	0.37134
19.40426	0.37089
19.41183	0.37044
19.41941	0.36999
19.42698	0.36953
19.43455	0.36908
19.44213	0.36863
19.4497	0.36818
19.45727	0.36772
19.46485	0.36727
19.47242	0.36682
19.47999	0.36636
19.48757	0.36591
19.49514	0.36546
19.50272	0.36501
19.51029	0.36455
19.51786	0.3641
19.52544	0.36365
19.53301	0.36319
19.54058	0.36274
19.54816	0.36229
19.55573	0.36184
19.5633	0.36138
19.57088	0.36093
19.57845	0.36048
19.58602	0.36003
19.5936	0.35957
19.60117	0.35912
19.60875	0.35867
19.61632	0.35821
19.62389	0.35776
19.63147	0.35731
19.63904	0.35686
19.64661	0.35631
19.65419	0.35562
19.66176	0.35493
19.66933	0.35425
19.67691	0.35356
19.68448	0.35287
19.69205	0.35218
19.69963	0.3515
19.7072	0.35081
19.71478	0.35012
19.72235	0.34943
19.72992	0.34874
19.7375	0.34806
19.74507	0.34737
19.75264	0.34668
19.76022	0.34599
19.76779	0.3453
19.77536	0.34462
19.78294	0.34393
19.79051	0.34324
19.79809	0.34255
19.80566	0.34187
19.81323	0.34118
19.82081	0.34049
19.82838	0.3398
19.83595	0.33911
19.84353	0.33843
19.8511	0.33774
19.85867	0.33705
19.86625	0.33636
19.87382	0.33567
19.88139	0.33499
19.88897	0.3343
19.89654	0.33361
19.90412	0.33292
19.91169	0.33223
19.91926	0.33155
19.92684	0.33086
19.93441	0.33017
19.94198	0.32948
19.94956	0.3288
19.95713	0.32811
19.9647	0.32742
19.97228	0.32673
19.97985	0.32604
19.98742	0.32536
19.995	0.32467
20.00257	0.32398
20.01015	0.32329
20.01772	0.3226
20.02529	0.32192
20.03287	0.32123
20.04044	0.32054
20.04801	0.31985
20.05559	0.31917
20.06316	0.31848
20.07073	0.31779
20.07831	0.3171
20.08588	0.31641
20.09346	0.31573
20.10103	0.31504
20.1086	0.31435
20.11618	0.31366
20.12375	0.31297
20.13132	0.31229
20.1389	0.3116
20.14647	0.31091
20.15404	0.31022
20.16162	0.30954
20.16919	0.30885
20.17676	0.30816
20.18434	0.30747
20.19191	0.30678
20.19949	0.3061
20.20706	0.30541
20.21463	0.30472
20.22221	0.30403
20.22978	0.30334
20.23735	0.30266
20.24493	0.30197
20.2525	0.30128
20.26007	0.30059
20.26765	0.29991
20.27522	0.29922
20.2828	0.29853
20.29037	0.29784
20.29794	0.29715
20.30552	0.29647
20.31309	0.29578
20.32066	0.29509
20.32824	0.2944
20.33581	0.29371
20.34338	0.29303
20.35096	0.29234
20.35853	0.29165
20.3661	0.29096
20.37368	0.29028
20.38125	0.28959
20.38883	0.2889
20.3964	0.28821
20.40397	0.28752
20.41155	0.28684
20.41912	0.28615
20.42669	0.28546
20.43427	0.28477
20.44184	0.28408
20.44941	0.2834
20.45699	0.28271
20.46456	0.28202
20.47213	0.28133
20.47971	0.28065
20.48728	0.27996
20.49486	0.27927
20.50243	0.27858
20.51	0.27789
20.51758	0.2773
20.52515	0.27681
20.53272	0.27632
20.5403	0.27583
20.54787	0.27534
20.55544	0.27486
20.56302	0.27437
20.57059	0.27388
20.57817	0.27339
20.58574	0.27291
20.59331	0.27242
20.60089	0.27193
20.60846	0.27144
20.61603	0.27095
20.62361	0.27047
20.63118	0.26998
20.63875	0.26949
20.64633	0.269
20.6539	0.26851
20.66147	0.26803
20.66905	0.26754
20.67662	0.26705
20.6842	0.26656
20.69177	0.26607
20.69934	0.26559
20.70692	0.2651
20.71449	0.26461
20.72206	0.26412
20.72964	0.26364
20.73721	0.26315
20.74478	0.26266
20.75236	0.26217
20.75993	0.26168
20.76751	0.2612
20.77508	0.26071
20.78265	0.26022
20.79023	0.25973
20.7978	0.25924
20.80537	0.25876
20.81295	0.25827
20.82052	0.25778
20.82809	0.25729
20.83567	0.25681
20.84324	0.25632
20.85081	0.25583
20.85839	0.25534
20.86596	0.25485
20.87354	0.25437
20.88111	0.25388
20.88868	0.25339
20.89626	0.2529
20.90383	0.25241
20.9114	0.25193
20.91898	0.25144
20.92655	0.25095
20.93412	0.25046
20.9417	0.24998
20.94927	0.24949
20.95684	0.249
20.96442	0.24851
20.97199	0.24802
20.97957	0.24754
20.98714	0.24705
20.99471	0.24656
21.00229	0.24607
21.00986	0.24558
21.01743	0.2451
21.02501	0.24461
21.03258	0.24412
21.04015	0.24363
21.04773	0.24315
21.0553	0.24266
21.06288	0.24217
21.07045	0.24168
21.07802	0.24119
21.0856	0.24071
21.09317	0.24022
21.10074	0.23973
21.10832	0.23924
21.11589	0.23875
21.12346	0.23827
21.13104	0.23778
21.13861	0.23729
21.14618	0.2368
21.15376	0.23632
21.16133	0.23583
21.16891	0.23534
21.17648	0.23485
21.18405	0.23436
21.19163	0.23388
21.1992	0.23339
21.20677	0.2329
21.21435	0.23241
21.22192	0.23192
21.22949	0.23144
21.23707	0.23095
21.24464	0.23046
21.25221	0.22997
21.25979	0.22949
21.26736	0.229
21.27494	0.22851
21.28251	0.22802
21.29008	0.22753
21.29766	0.22705
21.30523	0.22656
21.3128	0.22607
21.32038	0.22558
21.32795	0.22509
21.33552	0.22461
21.3431	0.22412
21.35067	0.22363
21.35825	0.22313
21.36582	0.2226
21.37339	0.22208
21.38097	0.22156
21.38854	0.22104
21.39611	0.22052
21.40369	0.21999
21.41126	0.21947
21.41883	0.21895
21.42641	0.21843
21.43398	0.21791
21.44155	0.21739
21.44913	0.21686
21.4567	0.21634
21.46428	0.21582
21.47185	0.2153
21.47942	0.21478
21.487	0.21425
21.49457	0.21373
21.50214	0.21321
21.50972	0.21269
21.51729	0.21217
21.52486	0.21165
21.53244	0.21112
21.54001	0.2106
21.54759	0.21008
21.55516	0.20956
21.56273	0.20904
21.57031	0.20851
21.57788	0.20799
21.58545	0.20747
21.59303	0.20695
21.6006	0.20643
21.60817	0.20591
21.61575	0.20538
21.62332	0.20486
21.63089	0.20434
21.63847	0.20382
21.64604	0.2033
21.65362	0.20278
21.66119	0.20225
21.66876	0.20173
21.67634	0.20121
21.68391	0.20069
21.69148	0.20017
21.69906	0.19964
21.70663	0.19912
21.7142	0.1986
21.72178	0.19808
21.72935	0.19756
21.73692	0.19704
21.7445	0.19651
21.75207	0.19599
21.75965	0.19547
21.76722	0.19495
21.77479	0.19443
21.78237	0.1939
21.78994	0.19338
21.79751	0.19286
21.80509	0.19234
21.81266	0.19182
21.82023	0.1913
21.82781	0.19077
21.83538	0.19025
21.84296	0.18973
21.85053	0.18921
21.8581	0.18869
21.86568	0.18816
21.87325	0.18764
21.88082	0.18712
21.8884	0.1866
21.89597	0.18608
21.90354	0.18556
21.91112	0.18503
21.91869	0.18451
21.92626	0.18399
21.93384	0.18347
21.94141	0.18308
21.94899	0.18269
21.95656	0.1823
21.96413	0.18191
21.97171	0.18152
21.97928	0.18113
21.98685	0.18074
21.99443	0.18035
22.002	0.17996
22.00957	0.17957
22.01715	0.17918
22.02472	0.17879
22.03229	0.1784
22.03987	0.17801
22.04744	0.17762
22.05502	0.17723
22.06259	0.17684
22.07016	0.17645
22.07774	0.17607
22.08531	0.17568
22.09288	0.17529
22.10046	0.1749
22.10803	0.17451
22.1156	0.17412
22.12318	0.17373
22.13075	0.17334
22.13833	0.17295
22.1459	0.17256
22.15347	0.17217
22.16105	0.17178
22.16862	0.17139
22.17619	0.171
22.18377	0.17061
22.19134	0.17022
22.19891	0.16983
22.20649	0.16944
22.21406	0.16905
22.22163	0.16866
22.22921	0.16827
22.23678	0.16788
22.24436	0.1675
22.25193	0.16711
22.2595	0.16672
22.26708	0.16633
22.27465	0.16594
22.28222	0.16555
22.2898	0.16516
22.29737	0.16477
22.30494	0.16438
22.31252	0.16399
22.32009	0.1636
22.32767	0.16321
22.33524	0.16282
22.34281	0.16243
22.35039	0.16204
22.35796	0.16165
22.36553	0.16126
22.37311	0.16087
22.38068	0.16048
22.38825	0.16009
22.39583	0.1597
22.4034	0.15931
22.41097	0.15893
22.41855	0.15854
22.42612	0.15815
22.4337	0.15776
22.44127	0.15737
22.44884	0.15698
22.45642	0.15659
22.46399	0.1562
22.47156	0.15581
22.47914	0.15542
22.48671	0.15503
22.49428	0.15464
22.50186	0.15425
22.50943	0.15386
22.517	0.15347
22.52458	0.15308
22.53215	0.15269
22.53973	0.1523
22.5473	0.15191
22.55487	0.15152
22.56245	0.15113
22.57002	0.15074
22.57759	0.15036
22.58517	0.14997
22.59274	0.14958
22.60031	0.14919
22.60789	0.1488
22.61546	0.14841
22.62304	0.14802
22.63061	0.14763
22.63818	0.14722
22.64576	0.14681
22.65333	0.14639
22.6609	0.14598
22.66848	0.14557
22.67605	0.14515
22.68362	0.14474
22.6912	0.14433
22.69877	0.14392
22.70634	0.1435
22.71392	0.14309
22.72149	0.14268
22.72907	0.14226
22.73664	0.14185
22.74421	0.14144
22.75179	0.14103
22.75936	0.14061
22.76693	0.1402
22.77451	0.13979
22.78208	0.13937
22.78965	0.13896
22.79723	0.13855
22.8048	0.13814
22.81237	0.13772
22.81995	0.13731
22.82752	0.1369
22.8351	0.13648
22.84267	0.13607
22.85024	0.13566
22.85782	0.13525
22.86539	0.13483
22.87296	0.13442
22.88054	0.13401
22.88811	0.13359
22.89568	0.13318
22.90326	0.13277
22.91083	0.13236
22.91841	0.13194
22.92598	0.13153
22.93355	0.13112
22.94113	0.1307
22.9487	0.13029
22.95627	0.12988
22.96385	0.12947
22.97142	0.12905
22.97899	0.12864
22.98657	0.12823
22.99414	0.12781
23.00171	0.1274
23.00929	0.12699
23.01686	0.12657
23.02444	0.12616
23.03201	0.12575
23.03958	0.12534
23.04716	0.12492
23.05473	0.12451
23.0623	0.1241
23.06988	0.12368
23.07745	0.12327
23.08502	0.12286
23.0926	0.12245
23.10017	0.12203
23.10775	0.12162
23.11532	0.12121
23.12289	0.12079
23.13047	0.12038
23.13804	0.11997
23.14561	0.11956
23.15319	0.11914
23.16076	0.11873
23.16833	0.11832
23.17591	0.1179
23.18348	0.11749
23.19105	0.11708
23.19863	0.11667
23.2062	0.11625
23.21378	0.11584
23.22135	0.11543
23.22892	0.11501
23.2365	0.1146
23.24407	0.11419
23.25164	0.11378
23.25922	0.11336
23.26679	0.11295
23.27436	0.11254
23.28194	0.11212
23.28951	0.11171
23.29708	0.1113
23.30466	0.11089
23.31223	0.11047
23.31981	0.11006
23.32738	0.10965
23.33495	0.10923
23.34253	0.10882
23.3501	0.10841
23.35767	0.108
23.36525	0.10758
23.37282	0.10717
23.38039	0.10676
23.38797	0.10634
23.39554	0.10593
23.40312	0.10552
23.41069	0.1051
23.41826	0.10469
23.42584	0.10428
23.43341	0.10387
23.44098	0.10345
23.44856	0.10304
23.45613	0.10263
23.4637	0.10221
23.47128	0.1018
23.47885	0.10139
23.48642	0.10098
23.494	0.10056
23.50157	0.10015
23.50915	0.09974
23.51672	0.09932
23.52429	0.09891
23.53187	0.0985
23.53944	0.09809
23.54701	0.09767
23.55459	0.09726
23.56216	0.09685
23.56973	0.09643
23.57731	0.09602
23.58488	0.09561
23.59245	0.09532
23.60003	0.09509
23.6076	0.09487
23.61518	0.09464
23.62275	0.09441
23.63032	0.09418
23.6379	0.09395
23.64547	0.09373
23.65304	0.0935
23.66062	0.09327
23.66819	0.09304
23.67576	0.09281
23.68334	0.09258
23.69091	0.09236
23.69849	0.09213
23.70606	0.0919
23.71363	0.09167
23.72121	0.09144
23.72878	0.09122
23.73635	0.09099
23.74393	0.09076
23.7515	0.09053
23.75907	0.0903
23.76665	0.09007
23.77422	0.08985
23.78179	0.08962
23.78937	0.08939
23.79694	0.08916
23.80452	0.08893
23.81209	0.08871
23.81966	0.08848
23.82724	0.08825
23.83481	0.08802
23.84238	0.08779
23.84996	0.08756
23.85753	0.08734
23.8651	0.08711
23.87268	0.08688
23.88025	0.08665
23.88783	0.08642
23.8954	0.0862
23.90297	0.08597
23.91055	0.08574
23.91812	0.08551
23.92569	0.08528
23.93327	0.08505
23.94084	0.08483
23.94841	0.0846
23.95599	0.08437
23.96356	0.08414
23.97113	0.08391
23.97871	0.08369
23.98628	0.08346
23.99386	0.08323
24.00143	0.083
24.009	0.08277
24.01658	0.08255
24.02415	0.08232
24.03172	0.08209
24.0393	0.08186
24.04687	0.08163
24.05444	0.0814
24.06202	0.08118
24.06959	0.08095
24.07716	0.08072
24.08474	0.08049
24.09231	0.08026
24.09989	0.08004
24.10746	0.07981
24.11503	0.07958
24.12261	0.07935
24.13018	0.07912
24.13775	0.07889
24.14533	0.07867
24.1529	0.07844
24.16047	0.07821
24.16805	0.07798
24.17562	0.07775
24.1832	0.07753
24.19077	0.0773
24.19834	0.07707
24.20592	0.07684
24.21349	0.07661
24.22106	0.07638
24.22864	0.07616
24.23621	0.07593
24.24378	0.0757
24.25136	0.07547
24.25893	0.07524
24.2665	0.07502
24.27408	0.07479
24.28165	0.07456
24.28923	0.07433
24.2968	0.0741
24.30437	0.07387
24.31195	0.07365
24.31952	0.07342
24.32709	0.07319
24.33467	0.07296
24.34224	0.07273
24.34981	0.07251
24.35739	0.07228
24.36496	0.07205
24.37254	0.07182
24.38011	0.07159
24.38768	0.07136
24.39526	0.07114
24.40283	0.07091
24.4104	0.07068
24.41798	0.07045
24.42555	0.07022
24.43312	0.07
24.4407	0.06977
24.44827	0.06954
24.45584	0.06931
24.46342	0.06908
24.47099	0.06885
24.47857	0.06863
24.48614	0.0684
24.49371	0.06817
24.50129	0.06794
24.50886	0.06771
24.51643	0.06749
24.52401	0.06726
24.53158	0.06703
24.53915	0.0668
24.54673	0.06657
24.5543	0.06634
24.56187	0.06612
24.56945	0.06589
24.57702	0.06566
24.5846	0.06543
24.59217	0.0652
24.59974	0.06498
24.60732	0.06475
24.61489	0.06452
24.62246	0.06429
24.63004	0.06406
24.63761	0.06383
24.64518	0.06361
24.65276	0.06338
24.66033	0.06315
24.66791	0.06292
24.67548	0.06269
24.68305	0.06247
24.69063	0.06224
24.6982	0.06201
24.70577	0.06178
24.71335	0.06155
24.72092	0.06133
24.72849	0.0611
24.73607	0.06087
24.74364	0.06064
24.75121	0.06041
24.75879	0.06018
24.76636	0.05996
24.77394	0.05973
24.78151	0.0595
24.78908	0.05927
24.79666	0.05904
24.80423	0.05882
24.8118	0.05859
24.81938	0.05836
24.82695	0.05813
24.83452	0.0579
24.8421	0.05767
24.84967	0.05745
24.85724	0.05722
24.86482	0.05699
24.87239	0.05676
24.87997	0.05653
24.88754	0.05631
24.89511	0.05608
24.90269	0.05585
24.91026	0.05562
24.91783	0.05539
24.92541	0.05516
24.93298	0.05494
24.94055	0.05471
24.94813	0.05448
24.9557	0.05425
24.96328	0.05402
24.97085	0.0538
24.97842	0.05357
24.986	0.05349
24.99357	0.05346
25.00114	0.05343
25.00872	0.05339
25.01629	0.05336
25.02386	0.05333
25.03144	0.0533
25.03901	0.05327
25.04658	0.05323
25.05416	0.0532
25.06173	0.05317
25.06931	0.05314
25.07688	0.05311
25.08445	0.05307
25.09203	0.05304
25.0996	0.05301
25.10717	0.05298
25.11475	0.05295
25.12232	0.05291
25.12989	0.05288
25.13747	0.05285
25.14504	0.05282
25.15262	0.05278
25.16019	0.05275
25.16776	0.05272
25.17534	0.05269
25.18291	0.05266
25.19048	0.05262
25.19806	0.05259
25.20563	0.05256
25.2132	0.05253
25.22078	0.0525
25.22835	0.05246
25.23592	0.05243
25.2435	0.0524
25.25107	0.05237
25.25865	0.05234
25.26622	0.0523
25.27379	0.05227
25.28137	0.05224
25.28894	0.05221
25.29651	0.05218
25.30409	0.05214
25.31166	0.05211
25.31923	0.05208
25.32681	0.05205
25.33438	0.05202
25.34195	0.05198
25.34953	0.05195
25.3571	0.05192
25.36468	0.05189
25.37225	0.05186
25.37982	0.05182
25.3874	0.05179
25.39497	0.05176
25.40254	0.05173
25.41012	0.0517
25.41769	0.05166
25.42526	0.05163
25.43284	0.0516
25.44041	0.05157
25.44799	0.05154
25.45556	0.0515
25.46313	0.05147
25.47071	0.05144
25.47828	0.05141
25.48585	0.05138
25.49343	0.05134
25.501	0.05131
25.50857	0.05128
25.51615	0.05125
25.52372	0.05122
25.53129	0.05118
25.53887	0.05115
25.54644	0.05112
25.55402	0.05109
25.56159	0.05106
25.56916	0.05102
25.57674	0.05099
25.58431	0.05096
25.59188	0.05093
25.59946	0.0509
25.60703	0.05086
25.6146	0.05083
25.62218	0.0508
25.62975	0.05077
25.63732	0.05074
25.6449	0.0507
25.65247	0.05067
25.66005	0.05064
25.66762	0.05061
25.67519	0.05058
25.68277	0.05054
25.69034	0.05051
25.69791	0.05048
25.70549	0.05045
25.71306	0.05042
25.72063	0.05038
25.72821	0.05035
25.73578	0.05032
25.74336	0.05029
25.75093	0.05026
25.7585	0.05022
25.76608	0.05019
25.77365	0.05016
25.78122	0.05013
25.7888	0.05009
25.79637	0.05006
25.80394	0.05003
25.81152	0.05
25.81909	0.04997
25.82666	0.04993
25.83424	0.0499
25.84181	0.04987
25.84939	0.04984
25.85696	0.04981
25.86453	0.04977
25.87211	0.04974
25.87968	0.04971
25.88725	0.04968
25.89483	0.04965
25.9024	0.04961
25.90997	0.04958
25.91755	0.04955
25.92512	0.04952
25.9327	0.04949
25.94027	0.04945
25.94784	0.04942
25.95542	0.04939
25.96299	0.04936
25.97056	0.04933
25.97814	0.04929
25.98571	0.04926
25.99328	0.04923
26.00086	0.0492
26.00843	0.04917
26.016	0.04913
26.02358	0.0491
26.03115	0.04907
26.03873	0.04904
26.0463	0.04901
26.05387	0.04897
26.06145	0.04894
26.06902	0.04891
26.07659	0.04888
26.08417	0.04885
26.09174	0.04881
26.09931	0.04878
26.10689	0.04875
26.11446	0.04872
26.12203	0.04869
26.12961	0.04865
26.13718	0.04862
26.14476	0.04859
26.15233	0.04856
26.1599	0.04853
26.16748	0.04849
26.17505	0.04846
26.18262	0.04843
26.1902	0.0484
26.19777	0.04837
26.20534	0.04833
26.21292	0.0483
26.22049	0.04827
26.22807	0.04824
26.23564	0.04821
26.24321	0.04817
26.25079	0.04814
26.25836	0.04811
26.26593	0.04808
26.27351	0.04805
26.28108	0.04801
26.28865	0.04798
26.29623	0.04795
26.3038	0.04792
26.31137	0.04789
26.31895	0.04785
26.32652	0.04782
26.3341	0.04779
26.34167	0.04776
26.34924	0.04773
26.35682	0.04769
26.36439	0.04766
26.37196	0.04763
26.37954	0.0476
26.38711	0.04757
26.39468	0.04753
26.40226	0.0475
26.40983	0.04747
26.4174	0.04744
26.42498	0.04741
26.43255	0.04738
26.44013	0.04734
26.4477	0.04731
26.45527	0.04728
26.46285	0.04725
26.47042	0.04722
26.47799	0.04718
26.48557	0.04715
26.49314	0.04712
26.50071	0.04709
26.50829	0.04706
26.51586	0.04703
26.52344	0.04699
26.53101	0.04696
26.53858	0.04693
26.54616	0.0469
26.55373	0.04687
26.5613	0.04684
26.56888	0.0468
26.57645	0.04677
26.58402	0.04674
26.5916	0.04671
26.59917	0.04668
26.60674	0.04665
26.61432	0.04661
26.62189	0.04658
26.62947	0.04655
26.63704	0.04652
26.64461	0.04649
26.65219	0.04645
26.65976	0.04642
26.66733	0.04639
26.67491	0.04636
26.68248	0.04633
26.69005	0.0463
26.69763	0.04626
26.7052	0.04623
26.71278	0.0462
26.72035	0.04617
26.72792	0.04614
26.7355	0.04611
26.74307	0.04607
26.75064	0.04604
26.75822	0.04601
26.76579	0.04598
26.77336	0.04595
26.78094	0.04592
26.78851	0.04588
26.79608	0.04585
26.80366	0.04582
26.81123	0.04579
26.81881	0.04576
26.82638	0.04572
26.83395	0.04569
26.84153	0.04566
26.8491	0.04563
26.85667	0.0456
26.86425	0.04557
26.87182	0.04553
26.87939	0.0455
26.88697	0.04547
26.89454	0.04544
26.90211	0.04541
26.90969	0.04538
26.91726	0.04534
26.92484	0.04531
26.93241	0.04528
26.93998	0.04525
26.94756	0.04522
26.95513	0.04519
26.9627	0.04515
26.97028	0.04512
26.97785	0.04509
26.98542	0.04506
26.993	0.04503
27.00057	0.04499
27.00815	0.04496
27.01572	0.04493
27.02329	0.0449
27.03087	0.04487
27.03844	0.04484
27.04601	0.0448
27.05359	0.04477
27.06116	0.04474
27.06873	0.04471
27.07631	0.04468
27.08388	0.04465
27.09145	0.04461
27.09903	0.04458
27.1066	0.04455
27.11418	0.04452
27.12175	0.04449
27.12932	0.04446
27.1369	0.04442
27.14447	0.04439
27.15204	0.04436
27.15962	0.04433
27.16719	0.0443
27.17476	0.04426
27.18234	0.04423
27.18991	0.0442
27.19748	0.04417
27.20506	0.04414
27.21263	0.04411
27.22021	0.04407
27.22778	0.04404
27.23535	0.04401
27.24293	0.04398
27.2505	0.04395
27.25807	0.04392
27.26565	0.04388
27.27322	0.04385
27.28079	0.04382
27.28837	0.04379
27.29594	0.04376
27.30352	0.04372
27.31109	0.04369
27.31866	0.04366
27.32624	0.04363
27.33381	0.0436
27.34138	0.04357
27.34896	0.04353
27.35653	0.0435
27.3641	0.04347
27.37168	0.04344
27.37925	0.04341
27.38682	0.04338
27.3944	0.04334
27.40197	0.04331
27.40955	0.04328
27.41712	0.04325
27.42469	0.04322
27.43227	0.04319
27.43984	0.04315
27.44741	0.04312
27.45499	0.04309
27.46256	0.04306
27.47013	0.04303
27.47771	0.04299
27.48528	0.04296
27.49286	0.04293
27.50043	0.0429
27.508	0.04287
27.51558	0.04284
27.52315	0.0428
27.53072	0.04277
27.5383	0.04274
27.54587	0.04271
27.55344	0.04268
27.56102	0.04265
27.56859	0.04261
27.57616	0.04258
27.58374	0.04255
27.59131	0.04252
27.59889	0.04249
27.60646	0.04246
27.61403	0.04242
27.62161	0.04239
27.62918	0.04236
27.63675	0.04233
27.64433	0.0423
27.6519	0.04226
27.65947	0.04223
27.66705	0.0422
27.67462	0.04217
27.68219	0.04214
27.68977	0.04211
27.69734	0.04207
27.70492	0.04204
27.71249	0.04201
27.72006	0.04198
27.72764	0.04195
27.73521	0.04192
27.74278	0.04188
27.75036	0.04185
27.75793	0.04182
27.7655	0.04179
27.77308	0.04176
27.78065	0.04173
27.78823	0.04169
27.7958	0.04166
27.80337	0.04163
27.81095	0.0416
27.81852	0.04157
27.82609	0.04155
27.83367	0.04155
27.84124	0.04155
27.84881	0.04155
27.85639	0.04155
27.86396	0.04155
27.87153	0.04155
27.87911	0.04155
27.88668	0.04155
27.89426	0.04155
27.90183	0.04155
27.9094	0.04155
27.91698	0.04155
27.92455	0.04155
27.93212	0.04155
27.9397	0.04155
27.94727	0.04155
27.95484	0.04155
27.96242	0.04155
27.96999	0.04155
27.97757	0.04155
27.98514	0.04155
27.99271	0.04155
28.00029	0.04155
28.00786	0.04155
28.01543	0.04155
28.02301	0.04155
28.03058	0.04155
28.03815	0.04155
28.04573	0.04155
28.0533	0.04155
28.06087	0.04155
28.06845	0.04155
28.07602	0.04155
28.0836	0.04155
28.09117	0.04155
28.09874	0.04155
28.10632	0.04155
28.11389	0.04155
28.12146	0.04155
28.12904	0.04155
28.13661	0.04155
28.14418	0.04155
28.15176	0.04155
28.15933	0.04155
28.1669	0.04155
28.17448	0.04155
28.18205	0.04155
28.18963	0.04155
28.1972	0.04155
28.20477	0.04155
28.21235	0.04155
28.21992	0.04155
28.22749	0.04155
28.23507	0.04155
28.24264	0.04155
28.25021	0.04155
28.25779	0.04155
28.26536	0.04155
28.27294	0.04155
28.28051	0.04155
28.28808	0.04155
28.29566	0.04155
28.30323	0.04155
28.3108	0.04155
28.31838	0.04155
28.32595	0.04155
28.33352	0.04155
28.3411	0.04155
28.34867	0.04155
28.35624	0.04155
28.36382	0.04155
28.37139	0.04155
28.37897	0.04155
28.38654	0.04155
28.39411	0.04155
28.40169	0.04155
28.40926	0.04155
28.41683	0.04155
28.42441	0.04155
28.43198	0.04155
28.43955	0.04155
28.44713	0.04155
28.4547	0.04155
28.46227	0.04155
28.46985	0.04155
28.47742	0.04155
28.485	0.04155
28.49257	0.04155
28.50014	0.04155
28.50772	0.04155
28.51529	0.04155
28.52286	0.04155
28.53044	0.04155
28.53801	0.04155
28.54558	0.04155
28.55316	0.04155
28.56073	0.04155
28.56831	0.04155
28.57588	0.04155
28.58345	0.04155
28.59103	0.04155
28.5986	0.04155
28.60617	0.04155
28.61375	0.04155
28.62132	0.04155
28.62889	0.04155
28.63647	0.04155
28.64404	0.04155
28.65161	0.04155
28.65919	0.04155
28.66676	0.04155
28.67434	0.04155
28.68191	0.04155
28.68948	0.04155
28.69706	0.04155
28.70463	0.04155
28.7122	0.04155
28.71978	0.04155
28.72735	0.04155
28.73492	0.04155
28.7425	0.04155
28.75007	0.04155
28.75765	0.04155
28.76522	0.04155
28.77279	0.04155
28.78037	0.04155
28.78794	0.04155
28.79551	0.04155
28.80309	0.04155
28.81066	0.04155
28.81823	0.04155
28.82581	0.04155
28.83338	0.04155
28.84095	0.04155
28.84853	0.04155
28.8561	0.04155
28.86368	0.04155
28.87125	0.04155
28.87882	0.04155
28.8864	0.04155
28.89397	0.04155
28.90154	0.04155
28.90912	0.04155
28.91669	0.04155
28.92426	0.04155
28.93184	0.04155
28.93941	0.04155
28.94698	0.04155
28.95456	0.04155
28.96213	0.04155
28.96971	0.04155
28.97728	0.04155
28.98485	0.04155
28.99243	0.04155
29	0.04155
