2.5	-0.08086	0.01536
2.50757	-0.07122	0.01499
2.51515	-0.06157	0.01463
2.52272	-0.05192	0.01427
2.53029	-0.04227	0.01433
2.53787	-0.01552	0.01512
2.54544	0.02624	0.0159
2.55302	0.04752	0.01668
2.56059	0.00752	0.01666
2.56816	-0.0031	0.01636
2.57574	-0.00211	0.01606
2.58331	0.02235	0.0159
2.59088	0.01484	0.01696
2.59846	0.02809	0.01802
2.60603	0.01956	0.01908
2.6136	-0.00311	0.01893
2.62118	-0.00311	0.01744
2.62875	-0.02545	0.01594
2.63632	-0.1016	0.01444
2.6439	-0.04386	0.01392
2.65147	-0.00835	0.0136
2.65905	-0.02615	0.01328
2.66662	-0.00312	0.01297
2.67419	-0.00312	0.01273
2.68177	-0.00202	0.01249
2.68934	-0.00562	0.01225
2.69691	-0.00312	0.01168
2.70449	-0.00312	0.01088
2.71206	-0.00313	0.01007
2.71963	-0.00313	0.00926
2.72721	-0.00313	0.00898
2.73478	-0.0021	0.00875
2.74235	0.0174	0.00851
2.74993	0.0369	0.0084
2.7575	0.05626	0.00858
2.76508	0.08077	0.00876
2.77265	0.10008	0.00894
2.78022	0.11911	0.00917
2.7878	0.1471	0.00943
2.79537	0.17658	0.00968
2.80294	0.22332	0.00994
2.81052	0.2641	0.01021
2.81809	0.31759	0.01047
2.82566	0.35327	0.01074
2.83324	0.40645	0.01111
2.84081	0.4601	0.01163
2.84839	0.50895	0.01216
2.85596	0.58282	0.01268
2.86353	0.62588	0.0136
2.87111	0.6801	0.01464
2.87868	0.76857	0.01568
2.88625	0.8499	0.01679
2.89383	0.95265	0.01836
2.9014	1.01438	0.01994
2.90897	1.07195	0.02151
2.91655	1.14002	0.02304
2.92412	1.20724	0.02452
2.93169	1.27854	0.026
2.93927	1.34182	0.02748
2.94684	1.40279	0.02594
2.95442	1.39866	0.02387
2.96199	1.39205	0.0218
2.96956	1.45046	0.02041
2.97714	1.54282	0.02139
2.98471	1.56317	0.02237
2.99228	1.58383	0.02335
2.99986	1.60529	0.02378
3.00743	1.63059	0.02381
3.015	1.70011	0.02384
3.02258	1.74365	0.02387
3.03015	1.79323	0.02428
3.03773	1.83602	0.0247
3.0453	1.81007	0.02512
3.05287	1.84036	0.02545
3.06045	1.87055	0.02559
3.06802	1.91399	0.02573
3.07559	1.88927	0.02587
3.08317	1.86456	0.02757
3.09074	1.85149	0.03
3.09831	1.8268	0.03243
3.10589	1.80362	0.03462
3.11346	1.78681	0.0319
3.12103	1.74112	0.02918
3.12861	1.69848	0.02646
3.13618	1.63773	0.02438
3.14376	1.57339	0.02322
3.15133	1.52039	0.02206
3.1589	1.49951	0.0209
3.16648	1.45591	0.01962
3.17405	1.38588	0.0183
3.18162	1.30413	0.01699
3.1892	1.24326	0.01576
3.19677	1.196	0.01505
3.20434	1.17596	0.01434
3.21192	1.15811	0.01363
3.21949	1.0982	0.01335
3.22706	1.05032	0.01349
3.23464	0.99749	0.01363
3.24221	0.9594	0.01376
3.24979	0.93497	0.01325
3.25736	0.90939	0.01265
3.26493	0.8524	0.01205
3.27251	0.80927	0.01147
3.28008	0.78108	0.01097
3.28765	0.75156	0.01046
3.29523	0.71119	0.00996
3.3028	0.69194	0.00959
3.31037	0.67141	0.00931
3.31795	0.62333	0.00903
3.32552	0.59761	0.00875
3.3331	0.58105	0.00843
3.34067	0.55321	0.0081
3.34824	0.51391	0.00778
3.35582	0.49364	0.00753
3.36339	0.47974	0.00741
3.37096	0.46483	0.0073
3.37854	0.44222	0.00718
3.38611	0.42778	0.00732
3.39368	0.42341	0.00756
3.40126	0.41852	0.0078
3.40883	0.41046	0.00805
3.4164	0.40239	0.00827
3.42398	0.3895	0.00848
3.43155	0.38206	0.0087
3.43913	0.37694	0.00928
3.4467	0.36873	0.01031
3.45427	0.36075	0.01135
3.46185	0.35859	0.01239
3.46942	0.35644	0.01205
3.47699	0.33604	0.01137
3.48457	0.31679	0.01068
3.49214	0.30275	0.01004
3.49971	0.28957	0.00961
3.50729	0.28147	0.00917
3.51486	0.27336	0.00874
3.52243	0.26558	0.0083
3.53001	0.26113	0.00786
3.53758	0.25667	0.00743
3.54516	0.24627	0.00699
3.55273	0.23343	0.00685
3.5603	0.22364	0.00675
3.56788	0.21399	0.00665
3.57545	0.19598	0.00656
3.58302	0.18387	0.00649
3.5906	0.18191	0.00642
3.59817	0.17995	0.00636
3.60574	0.17812	0.0063
3.61332	0.17601	0.00626
3.62089	0.17275	0.00621
3.62847	0.16949	0.00616
3.63604	0.16623	0.00611
3.64361	0.16174	0.00605
3.65119	0.15136	0.006
3.65876	0.14022	0.00592
3.66633	0.12552	0.00581
3.67391	0.11766	0.00569
3.68148	0.11314	0.00557
3.68905	0.10862	0.00551
3.69663	0.10474	0.00548
3.7042	0.10365	0.00544
3.71177	0.10255	0.0054
3.71935	0.10134	0.00533
3.72692	0.10007	0.00526
3.7345	0.09623	0.00519
3.74207	0.09094	0.00514
3.74964	0.08565	0.00512
3.75722	0.10543	0.0051
3.76479	0.09761	0.00508
3.77236	0.08984	0.00505
3.77994	0.08233	0.00501
3.78751	0.07481	0.00497
3.79508	0.06797	0.00493
3.80266	0.0627	0.00488
3.81023	0.05743	0.00484
3.81781	0.05216	0.00479
3.82538	0.04794	0.00475
3.83295	0.04315	0.00472
3.84053	0.03758	0.0047
3.8481	0.03209	0.00467
3.85567	0.02927	0.00465
3.86325	0.02644	0.00462
3.87082	0.02361	0.0046
3.87839	0.02079	0.00458
3.88597	0.01796	0.00456
3.89354	0.01069	0.00454
3.90111	0.00266	0.00452
3.90869	-0.00295	0.00448
3.91626	-0.00141	0.00445
3.92384	1.28569E-4	0.00441
3.93141	0.00167	0.00437
3.93898	0.0032	0.00437
3.94656	0.00472	0.00436
3.95413	0.00139	0.00435
3.9617	-0.00195	0.00434
3.96928	-8.46949E-4	0.00431
3.97685	0.00345	0.00428
3.98442	0.00775	0.00425
3.992	0.01177	0.0069
3.99957	0.00845	0.01051
4.00714	0.00513	0.01413
4.01472	0.00181	0.01738
4.02229	-0.00151	0.01743
4.02987	0.0089	0.01748
4.03744	0.01365	0.01753
4.04501	0.00736	0.01758
4.05259	0.00108	0.01763
4.06016	-0.00215	0.01768
4.06773	0.00193	0.01774
4.07531	0.00601	0.01754
4.08288	0.01009	0.0173
4.09045	0.01131	0.01705
4.09803	0.00195	0.01697
4.1056	0.00321	0.01757
4.11318	0.01836	0.01816
4.12075	0.03351	0.01875
4.12832	0.02638	0.01917
4.1359	0.01588	0.01944
4.14347	0.00744	0.01972
4.15104	0.00124	0.02
4.15862	-0.00335	0.01956
4.16619	-0.00335	0.01906
4.17376	-0.00335	0.01856
4.18134	-0.00335	0.01804
4.18891	-0.0147	0.01747
4.19648	-0.01734	0.0169
4.20406	0.00352	0.01633
4.21163	0.0107	0.0168
4.21921	0.07572	0.01779
4.22678	0.13128	0.01879
4.23435	0.2924	0.02048
4.24193	0.62464	0.05039
4.2495	0.96973	0.08029
4.25707	1.40775	0.1102
4.26465	2.20453	0.11649
4.27222	1.57267	0.08578
4.27979	0.97623	0.05507
4.28737	0.4539	0.02436
4.29494	0.18634	0.01576
4.30252	0.11231	0.01432
4.31009	0.08475	0.01289
4.31766	0.07503	0.01161
4.32524	0.06193	0.01146
4.33281	0.06042	0.01131
4.34038	0.05333	0.01116
4.34796	0.06036	0.01103
4.35553	0.04102	0.01094
4.3631	0.05134	0.01084
4.37068	0.02914	0.01074
4.37825	0.06852	0.01066
4.38582	0.08229	0.01059
4.3934	0.08112	0.01051
4.40097	0.06349	0.01044
4.40855	0.06643	0.01039
4.41612	0.0748	0.01035
4.42369	0.05757	0.0103
4.43127	0.05528	0.01031
4.43884	0.05828	0.01037
4.44641	0.07389	0.01042
4.45399	0.07934	0.01047
4.46156	0.0811	0.01065
4.46913	0.11457	0.01083
4.47671	0.09479	0.01101
4.48428	0.11366	0.01114
4.49185	0.09263	0.01115
4.49943	0.0951	0.01116
4.507	0.07422	0.01117
4.51458	0.08848	0.01133
4.52215	0.11113	0.01155
4.52972	0.10443	0.01177
4.5373	0.08813	0.012
4.54487	0.09265	0.01227
4.55244	0.10994	0.01255
4.56002	0.09415	0.01282
4.56759	0.09973	0.01299
4.57516	0.07915	0.013
4.58274	0.07719	0.01301
4.59031	0.09572	0.01302
4.59789	0.09183	0.01304
4.60546	0.11948	0.01306
4.61303	0.1271	0.01308
4.62061	0.09831	0.01305
4.62818	0.11148	0.01269
4.63575	0.07509	0.01233
4.64333	0.04143	0.01196
4.6509	0.07178	0.01225
4.65847	0.03663	0.01316
4.66605	0.13177	0.01407
4.67362	0.29367	0.01498
4.68119	0.19483	0.01414
4.68877	0.08923	0.01303
4.69634	0.06958	0.01193
4.70392	0.07718	0.01108
4.71149	0.08175	0.01106
4.71906	0.06623	0.01104
4.72664	0.06129	0.01103
4.73421	0.06186	0.0111
4.74178	0.04636	0.01124
4.74936	0.07839	0.01138
4.75693	0.07173	0.01152
4.7645	0.07433	0.01144
4.77208	0.05153	0.01134
4.77965	0.03704	0.01125
4.78722	0.05801	0.01123
4.7948	0.05321	0.01137
4.80237	0.07157	0.01151
4.80995	0.05735	0.01164
4.81752	0.05472	0.01159
4.82509	0.05822	0.01145
4.83267	0.07301	0.01131
4.84024	0.07491	0.01117
4.84781	0.06186	0.01103
4.85539	0.0866	0.01088
4.86296	0.06467	0.01074
4.87053	0.06069	0.01055
4.87811	0.06323	0.01031
4.88568	0.05101	0.01007
4.89326	0.03508	0.00983
4.90083	0.08349	0.00976
4.9084	0.05787	0.00975
4.91598	0.04432	0.00974
4.92355	0.06363	0.00969
4.93112	0.05646	0.00948
4.9387	0.0493	0.00927
4.94627	0.04303	0.00906
4.95384	0.03751	0.00892
4.96142	0.032	0.00884
4.96899	0.02649	0.00875
4.97656	0.02097	0.00867
4.98414	0.01546	0.00858
4.99171	0.00995	0.00849
4.99929	0.00637	0.0084
5.00686	0.00301	0.00837
5.01443	-3.63578E-4	0.00849
5.02201	-0.00335	0.00861
5.02958	-0.00335	0.00873
5.03715	-0.00335	0.00882
5.04473	-0.00335	0.0089
5.0523	-0.00335	0.00898
5.05987	-0.00335	0.00906
5.06745	-0.00335	0.00912
5.07502	-0.00309	0.00919
5.0826	-0.00124	0.00925
5.09017	6.16726E-4	0.00927
5.09774	0.00247	0.00921
5.10532	0.00432	0.00915
5.11289	0.00617	0.0091
5.12046	0.00803	0.00918
5.12804	0.00318	0.00932
5.13561	-0.00313	0.00947
5.14318	-0.00134	0.00959
5.15076	4.46697E-4	0.0095
5.15833	0.00223	0.00942
5.1659	0.00402	0.00933
5.17348	0.00581	0.00934
5.18105	0.00564	0.00947
5.18863	-0.00335	0.0096
5.1962	-0.00335	0.00973
5.20377	-0.00335	0.01019
5.21135	-0.00335	0.01073
5.21892	-0.00335	0.01127
5.22649	-0.00335	0.01169
5.23407	-0.00335	0.01155
5.24164	-0.00335	0.01141
5.24921	-0.00335	0.01127
5.25679	-0.00335	0.0111
5.26436	-0.00335	0.01091
5.27193	-0.00335	0.01071
5.27951	-0.00335	0.01052
5.28708	-0.00335	0.01045
5.29466	-0.00207	0.0104
5.30223	-3.71178E-4	0.01034
5.3098	0.00133	0.01028
5.31738	0.00303	0.01019
5.32495	0.00473	0.0101
5.33252	0.00391	0.01001
5.3401	0.00242	0.00988
5.34767	9.2997E-4	0.00973
5.35524	-5.61546E-4	0.00958
5.36282	-0.00205	0.00944
5.37039	-0.00281	0.00935
5.37797	0.00139	0.00927
5.38554	0.0056	0.00919
5.39311	0.0098	0.00913
5.40069	0.014	0.00914
5.40826	0.0182	0.00915
5.41583	0.0224	0.00915
5.42341	0.03228	0.00918
5.43098	-0.00289	0.00922
5.43855	5.9634E-4	0.00926
5.44613	0.00409	0.00928
5.4537	0.00758	0.00909
5.46127	0.01107	0.00891
5.46885	0.01456	0.00873
5.47642	0.0073	0.00862
5.484	-0.00186	0.0086
5.49157	-0.00335	0.00858
5.49914	-0.00335	0.00856
5.50672	-0.00335	0.00859
5.51429	-0.00335	0.00863
5.52186	-0.00335	0.00867
5.52944	6.83936E-5	0.00868
5.53701	0.00688	0.00862
5.54458	0.01369	0.00856
5.55216	0.0205	0.0085
5.55973	0.02132	0.00842
5.5673	0.02064	0.00831
5.57488	0.01996	0.0082
5.58245	0.01929	0.0081
5.59003	0.01861	0.00802
5.5976	0.01794	0.00794
5.60517	0.01726	0.00786
5.61275	0.01857	0.0078
5.62032	0.02373	0.00778
5.62789	0.02889	0.00775
5.63547	0.03405	0.00773
5.64304	0.03921	0.00772
5.65061	0.04437	0.00772
5.65819	0.04763	0.00772
5.66576	0.05065	0.00772
5.67334	0.05366	0.00773
5.68091	0.05668	0.00775
5.68848	0.05473	0.00776
5.69606	0.05229	0.00773
5.70363	0.05023	0.00762
5.7112	0.05487	0.00752
5.71878	0.05955	0.00741
5.72635	0.0645	0.00741
5.73392	0.06944	0.00745
5.7415	0.07608	0.0075
5.74907	0.08386	0.00753
5.75664	0.09164	0.00755
5.76422	0.09942	0.00756
5.77179	0.10692	0.00757
5.77937	0.11432	0.00755
5.78694	0.12012	0.00749
5.79451	0.11855	0.00744
5.80209	0.11697	0.00738
5.80966	0.11539	0.00743
5.81723	0.11381	0.0075
5.82481	0.12649	0.00758
5.83238	0.14513	0.00764
5.83995	0.15783	0.00768
5.84753	0.1662	0.00772
5.8551	0.17298	0.00777
5.86268	0.17976	0.00773
5.87025	0.18655	0.00764
5.87782	0.18851	0.00755
5.8854	0.18941	0.00746
5.89297	0.19031	0.00742
5.90054	0.19121	0.00739
5.90812	0.19211	0.00735
5.91569	0.19301	0.00732
5.92326	0.2027	0.0073
5.93084	0.21327	0.00728
5.93841	0.22383	0.00726
5.94598	0.22697	0.00721
5.95356	0.22385	0.00715
5.96113	0.22073	0.00709
5.96871	0.21762	0.00703
5.97628	0.2145	0.00702
5.98385	0.21138	0.00701
5.99143	0.20827	0.007
5.999	0.20515	0.00701
6.00657	0.22126	0.00703
6.01415	0.23014	0.00705
6.02172	0.23422	0.00708
6.02929	0.2383	0.00713
6.03687	0.24238	0.00718
6.04444	0.25519	0.00724
6.05201	0.26822	0.00729
6.05959	0.25662	0.00727
6.06716	0.24501	0.00725
6.07474	0.2334	0.00723
6.08231	0.22298	0.00722
6.08988	0.21272	0.00721
6.09746	0.20272	0.00719
6.10503	0.20118	0.00718
6.1126	0.19964	0.00718
6.12018	0.19809	0.00718
6.12775	0.19655	0.00718
6.13532	0.19501	0.00715
6.1429	0.19347	0.00701
6.15047	0.19168	0.00687
6.15805	0.18978	0.00674
6.16562	0.18785	0.00669
6.17319	0.18441	0.00669
6.18077	0.18096	0.0067
6.18834	0.17752	0.00671
6.19591	0.17408	0.00667
6.20349	0.17063	0.00662
6.21106	0.16719	0.00657
6.21863	0.16375	0.0065
6.22621	0.16097	0.00639
6.23378	0.15941	0.00628
6.24135	0.15786	0.00617
6.24893	0.1563	0.00611
6.2565	0.15478	0.00608
6.26408	0.15343	0.00604
6.27165	0.14909	0.00601
6.27922	0.14101	0.00599
6.2868	0.13292	0.00598
6.29437	0.12483	0.00596
6.30194	0.11928	0.00594
6.30952	0.11723	0.00593
6.31709	0.11518	0.00592
6.32466	0.11313	0.00591
6.33224	0.11108	0.00591
6.33981	0.10903	0.00591
6.34738	0.10757	0.00592
6.35496	0.10649	0.00592
6.36253	0.10541	0.00589
6.37011	0.10432	0.00587
6.37768	0.10321	0.00584
6.38525	0.10436	0.00587
6.39283	0.11098	0.00594
6.4004	0.11761	0.00602
6.40797	0.12423	0.00609
6.41555	0.13091	0.00604
6.42312	0.1404	0.00597
6.43069	0.14695	0.0059
6.43827	0.1438	0.00585
6.44584	0.14065	0.00586
6.45342	0.13751	0.00586
6.46099	0.13436	0.00587
6.46856	0.13121	0.00592
6.47614	0.12806	0.006
6.48371	0.13882	0.00608
6.49128	0.14745	0.00616
6.49886	0.14236	0.00608
6.50643	0.13711	0.006
6.514	0.13186	0.00591
6.52158	0.12661	0.00586
6.52915	0.12136	0.00587
6.53672	0.11612	0.00588
6.5443	0.11716	0.00588
6.55187	0.11987	0.0059
6.55945	0.12258	0.00592
6.56702	0.12529	0.00594
6.57459	0.12799	0.00596
6.58217	0.1307	0.00597
6.58974	0.13381	0.00597
6.59731	0.13713	0.00597
6.60489	0.14045	0.00599
6.61246	0.14377	0.00605
6.62003	0.14694	0.0061
6.62761	0.1501	0.00616
6.63518	0.15326	0.00612
6.64276	0.15203	0.00605
6.65033	0.13642	0.00599
6.6579	0.13736	0.00595
6.66548	0.1383	0.00599
6.67305	0.13924	0.00604
6.68062	0.14018	0.00609
6.6882	0.14112	0.00614
6.69577	0.14206	0.00621
6.70334	0.143	0.00628
6.71092	0.14394	0.00635
6.71849	0.1432	0.00635
6.72606	0.14106	0.00635
6.73364	0.13887	0.00634
6.74121	0.13657	0.00633
6.74879	0.13426	0.00633
6.75636	0.13196	0.00632
6.76393	0.12965	0.00631
6.77151	0.13342	0.00633
6.77908	0.13881	0.00636
6.78665	0.14421	0.0064
6.79423	0.14952	0.00644
6.8018	0.14788	0.00779
6.80937	0.14624	0.00914
6.81695	0.1446	0.01049
6.82452	0.14296	0.01132
6.83209	0.14133	0.01123
6.83967	0.13969	0.01114
6.84724	0.13814	0.01105
6.85482	0.13666	0.01093
6.86239	0.13415	0.01079
6.86996	0.1288	0.01066
6.87754	0.12346	0.01053
6.88511	0.11811	0.0104
6.89268	0.11276	0.01026
6.90026	0.10742	0.01013
6.90783	0.10832	0.01006
6.9154	0.11501	0.01005
6.92298	0.1217	0.01005
6.93055	0.12839	0.01004
6.93813	0.13508	0.01004
6.9457	0.14177	0.01004
6.95327	0.13963	0.01004
6.96085	0.13429	0.01002
6.96842	0.12299	0.00989
6.97599	0.10335	0.00976
6.98357	0.1039	0.00963
6.99114	0.10446	0.00956
6.99871	0.10501	0.00952
7.00629	0.10557	0.00949
7.01386	0.10612	0.00946
7.02143	0.10667	0.00947
7.02901	0.10723	0.00947
7.03658	0.10778	0.00948
7.04416	0.10833	0.00949
7.05173	0.08824	0.00949
7.0593	0.08582	0.0095
7.06688	0.08339	0.00951
7.07445	0.08097	0.00946
7.08202	0.07855	0.00937
7.0896	0.07615	0.00928
7.09717	0.07376	0.0092
7.10474	0.07136	0.00932
7.11232	0.06896	0.00944
7.11989	0.07021	0.00956
7.12746	0.07231	0.00964
7.13504	0.07441	0.00967
7.14261	0.07651	0.00969
7.15019	0.07861	0.00972
7.15776	0.08071	0.00972
7.16533	0.08281	0.00971
7.17291	0.08269	0.0097
7.18048	0.08029	0.00968
7.18805	0.07788	0.00963
7.19563	0.07547	0.00957
7.2032	0.07307	0.00951
7.21077	0.07052	0.00945
7.21835	0.0678	0.0094
7.22592	0.06509	0.00934
7.2335	0.06237	0.00929
7.24107	0.05965	0.00933
7.24864	0.05763	0.00939
7.25622	0.05603	0.00945
7.26379	0.05444	0.00947
7.27136	0.05285	0.00938
7.27894	0.05125	0.00929
7.28651	0.04966	0.0092
7.29408	0.04806	0.0091
7.30166	0.04647	0.00901
7.30923	0.04487	0.00892
7.3168	0.04328	0.00882
7.32438	0.04289	0.00886
7.33195	0.04265	0.00891
7.33953	0.04242	0.00896
7.3471	0.04218	0.00897
7.35467	0.04194	0.00893
7.36225	0.0417	0.00888
7.36982	0.04146	0.00883
7.37739	0.04119	0.00875
7.38497	0.0409	0.00866
7.39254	0.04067	0.00857
7.40011	0.04155	0.00849
7.40769	0.04242	0.0085
7.41526	0.0433	0.00852
7.42284	0.04417	0.00853
7.43041	0.04505	0.00852
7.43798	0.04592	0.00846
7.44556	0.04679	0.0084
7.45313	0.04697	0.00833
7.4607	0.04508	0.00838
7.46828	0.04318	0.00847
7.47585	0.04129	0.00855
7.48342	0.0394	0.00861
7.491	0.0375	0.00853
7.49857	0.03561	0.00844
7.50614	0.03372	0.00835
7.51372	0.03182	0.00832
7.52129	0.02993	0.00834
7.52887	0.0304	0.00836
7.53644	0.03236	0.00838
7.54401	0.03431	0.00847
7.55159	0.03627	0.00858
7.55916	0.03822	0.00868
7.56673	0.04032	0.00876
7.57431	0.04253	0.00879
7.58188	0.04458	0.00881
7.58945	0.04324	0.00883
7.59703	0.0419	0.00885
7.6046	0.04056	0.00888
7.61217	0.03922	0.00891
7.61975	0.03788	0.00894
7.62732	0.03655	0.00893
7.6349	0.03521	0.00892
7.64247	0.03387	0.00891
7.65004	0.03253	0.0089
7.65762	0.03119	0.00892
7.66519	0.03047	0.00894
7.67276	0.02984	0.00895
7.68034	0.02922	0.00894
7.68791	0.02859	0.00891
7.69548	0.02797	0.00887
7.70306	0.02722	0.00885
7.71063	0.02643	0.00891
7.71821	0.02564	0.00897
7.72578	0.02484	0.00903
7.73335	0.02405	0.00908
7.74093	0.0215	0.00912
7.7485	0.01763	0.00915
7.75607	0.01375	0.00919
7.76365	0.00988	0.00912
7.77122	0.00601	0.00903
7.77879	0.00214	0.00893
7.78637	-0.00173	0.00886
7.79394	-0.0056	0.00887
7.80151	-0.00478	0.00888
7.80909	-0.00269	0.0089
7.81666	-6.0388E-4	0.00888
7.82424	0.00148	0.00883
7.83181	0.00357	0.00878
7.83938	0.00565	0.00873
7.84696	0.00767	0.00885
7.85453	0.00947	0.009
7.8621	0.01128	0.00915
7.86968	0.01308	0.00928
7.87725	0.0144	0.00936
7.88482	0.01465	0.00943
7.8924	0.0149	0.0095
7.89997	0.01515	0.00958
7.90755	0.0154	0.00966
7.91512	0.01565	0.00973
7.92269	0.01591	0.00981
7.93027	0.01616	0.0099
7.93784	0.01641	0.01
7.94541	0.01666	0.01009
7.95299	0.01691	0.01016
7.96056	0.0179	0.01019
7.96813	0.01914	0.01022
7.97571	0.02039	0.01025
7.98328	0.02163	0.01032
7.99085	0.02177	0.01041
7.99843	0.02056	0.0105
8.006	0.01936	0.0106
8.01358	0.01921	0.01073
8.02115	0.02384	0.01086
8.02872	0.02848	0.01099
8.0363	0.03311	0.0111
8.04387	0.03775	0.01118
8.05144	0.03117	0.01126
8.05902	0.02621	0.01134
8.06659	0.03212	0.01138
8.07416	0.03802	0.01141
8.08174	0.04393	0.01145
8.08931	0.04828	0.01149
8.09688	0.04931	0.01154
8.10446	0.05026	0.01158
8.11203	0.05122	0.01163
8.11961	0.05218	0.01168
8.12718	0.05314	0.01172
8.13475	0.05409	0.01176
8.14233	0.05668	0.0118
8.1499	0.06064	0.01189
8.15747	0.0646	0.01198
8.16505	0.06814	0.01207
8.17262	0.07058	0.01216
8.18019	0.07269	0.01227
8.18777	0.0748	0.01237
8.19534	0.07381	0.01248
8.20292	0.07163	0.01251
8.21049	0.06946	0.01249
8.21806	0.06728	0.01246
8.22564	0.0651	0.01244
8.23321	0.06297	0.01248
8.24078	0.06101	0.01251
8.24836	0.06101	0.01255
8.25593	0.06134	0.01261
8.2635	0.06167	0.01273
8.27108	0.062	0.01285
8.27865	0.06232	0.01297
8.28622	0.06172	0.01306
8.2938	0.06087	0.01313
8.30137	0.06003	0.0132
8.30895	0.05919	0.01327
8.31652	0.06008	0.01333
8.32409	0.06878	0.01339
8.33167	0.07456	0.01345
8.33924	0.07466	0.01351
8.34681	0.07476	0.01357
8.35439	0.07485	0.01362
8.36196	0.07495	0.01368
8.36953	0.07775	0.0138
8.37711	0.08184	0.01393
8.38468	0.08579	0.01407
8.39225	0.08874	0.01419
8.39983	0.09033	0.01424
8.4074	0.09191	0.01429
8.41498	0.09463	0.01434
8.42255	0.09809	0.01439
8.43012	0.10155	0.01444
8.4377	0.10573	0.0145
8.44527	0.11011	0.01455
8.45284	0.11449	0.01456
8.46042	0.11624	0.01457
8.46799	0.11781	0.01458
8.47556	0.1165	0.01457
8.48314	0.11382	0.01451
8.49071	0.11047	0.01445
8.49829	0.10713	0.01439
8.50586	0.10378	0.01437
8.51343	0.10044	0.01438
8.52101	0.09871	0.01439
8.52858	0.09724	0.01441
8.53615	0.09576	0.01443
8.54373	0.09444	0.01446
8.5513	0.09229	0.01448
8.55887	0.09	0.01457
8.56645	0.09015	0.01477
8.57402	0.09109	0.01496
8.58159	0.09202	0.01515
8.58917	0.09473	0.0152
8.59674	0.09528	0.0152
8.60432	0.09304	0.01519
8.61189	0.09081	0.01521
8.61946	0.08857	0.01536
8.62704	0.08665	0.01552
8.63461	0.08659	0.01567
8.64218	0.08653	0.01591
8.64976	0.08648	0.01623
8.65733	0.08641	0.01655
8.6649	0.08634	0.01687
8.67248	0.08772	0.01708
8.68005	0.09163	0.01728
8.68763	0.09554	0.01747
8.6952	0.09683	0.0177
8.70277	0.09791	0.0181
8.71035	0.09432	0.01849
8.71792	0.09073	0.01888
8.72549	0.08714	0.01911
8.73307	0.08355	0.01922
8.74064	0.07871	0.01933
8.74821	0.07199	0.01944
8.75579	0.06527	0.0196
8.76336	0.05854	0.01976
8.77093	0.05182	0.01993
8.77851	0.04581	0.02015
8.78608	0.04166	0.02051
8.79366	0.0442	0.02087
8.80123	0.05574	0.02123
8.8088	0.05749	0.02149
8.81638	0.05803	0.0217
8.82395	0.0566	0.0219
8.83152	0.05514	0.02211
8.8391	0.0459	0.02236
8.84667	0.02644	0.02261
8.85424	0.03647	0.02286
8.86182	0.04869	0.02312
8.86939	0.02585	0.02338
8.87696	0.04645	0.02364
8.88454	0.05777	0.02389
8.89211	0.05978	0.02405
8.89969	0.057	0.02418
8.90726	0.05421	0.0243
8.91483	0.05135	0.02442
8.92241	0.04852	0.02451
8.92998	0.0457	0.02459
8.93755	0.04289	0.02467
8.94513	0.04007	0.02477
8.9527	0.03837	0.02488
8.96027	0.0375	0.02499
8.96785	0.03662	0.0251
8.97542	0.03576	0.02496
8.983	0.03474	0.02478
8.99057	0.03482	0.02461
8.99814	0.0349	0.02461
9.00572	0.03633	0.02524
9.01329	0.05358	0.02587
9.02086	0.05088	0.02651
9.02844	0.03331	0.0268
9.03601	0.03878	0.02687
9.04358	0.05402	0.02694
9.05116	0.06344	0.027
9.05873	0.06033	0.02686
9.0663	0.05722	0.0267
9.07388	0.05412	0.02654
9.08145	0.05101	0.02649
9.08903	0.0479	0.0267
9.0966	0.04753	0.0269
9.10417	0.05003	0.02711
9.11175	0.05253	0.02723
9.11932	0.05215	0.02731
9.12689	0.04821	0.02739
9.13447	0.04412	0.02748
9.14204	0.03989	0.02768
9.14961	0.03566	0.02788
9.15719	0.03143	0.02808
9.16476	0.0272	0.028
9.17233	0.02305	0.02753
9.17991	0.01892	0.02705
9.18748	0.01479	0.02658
9.19506	0.01066	0.02719
9.20263	0.01152	0.0281
9.2102	0.03008	0.02901
9.21778	0.03663	0.02983
9.22535	0.03741	0.03007
9.23292	0.03819	0.03031
9.2405	0.03901	0.03055
9.24807	0.04014	0.0307
9.25564	0.04126	0.03078
9.26322	0.04451	0.03086
9.27079	0.04974	0.03093
9.27837	0.05496	0.0314
9.28594	0.05636	0.03193
9.29351	0.05754	0.03245
9.30109	0.06833	0.03294
9.30866	0.07823	0.03332
9.31623	0.0829	0.03371
9.32381	0.08757	0.03409
9.33138	0.08984	0.03419
9.33895	0.0825	0.0341
9.34653	0.07516	0.03401
9.3541	0.06782	0.03393
9.36167	0.06048	0.034
9.36925	0.05314	0.03408
9.37682	0.0458	0.03416
9.3844	0.03846	0.0342
9.39197	0.03112	0.03415
9.39954	0.02378	0.0341
9.40712	0.01644	0.03404
9.41469	0.0091	0.03409
9.42226	0.00678	0.03418
9.42984	0.01078	0.03427
9.43741	0.01478	0.03441
9.44498	0.01878	0.03513
9.45256	0.02126	0.03584
9.46013	0.02228	0.03656
9.46771	0.0233	0.03719
9.47528	0.02433	0.0377
9.48285	0.02535	0.03821
9.49043	0.02642	0.03872
9.498	0.02782	0.03854
9.50557	0.02922	0.03818
9.51315	0.03062	0.03783
9.52072	0.03202	0.03752
9.52829	0.03225	0.03744
9.53587	0.03196	0.03737
9.54344	0.03168	0.03729
9.55101	0.03246	0.03725
9.55859	0.03355	0.03724
9.56616	0.03464	0.03723
9.57374	0.03573	0.03722
9.58131	0.03682	0.03813
9.58888	0.03848	0.03915
9.59646	0.04105	0.04017
9.60403	0.04362	0.04063
9.6116	0.04619	0.03955
9.61918	0.04876	0.03846
9.62675	0.047	0.03737
9.63432	0.04136	0.03791
9.6419	0.03572	0.03941
9.64947	0.03233	0.04091
9.65704	0.02893	0.04241
9.66462	0.02554	0.04108
9.67219	0.02215	0.03972
9.67977	0.01876	0.03836
9.68734	0.01537	0.03758
9.69491	0.01433	0.03782
9.70249	0.01351	0.03807
9.71006	0.01269	0.03831
9.71763	0.01344	0.03789
9.72521	0.01786	0.03722
9.73278	0.02228	0.03654
9.74035	0.0267	0.036
9.74793	0.03112	0.03672
9.7555	0.03554	0.03745
9.76308	0.03996	0.03818
9.77065	0.04187	0.03823
9.77822	0.03609	0.03747
9.7858	0.03031	0.0367
9.79337	0.02454	0.03593
9.80094	0.01877	0.0358
9.80852	0.01299	0.03582
9.81609	0.00858	0.03583
9.82366	0.00907	0.03566
9.83124	0.0108	0.03471
9.83881	0.01252	0.03376
9.84638	0.01425	0.03281
9.85396	0.01597	0.03263
9.86153	0.01769	0.03308
9.86911	0.01942	0.03352
9.87668	0.02114	0.03397
9.88425	0.02287	0.03457
9.89183	0.02459	0.03519
9.8994	0.02631	0.0358
9.90697	0.02531	0.03612
9.91455	0.02323	0.03567
9.92212	0.02116	0.03522
9.92969	0.01909	0.03478
9.93727	0.01701	0.03455
9.94484	0.01494	0.03444
9.95241	0.01286	0.03433
9.95999	0.01113	0.03422
9.96756	0.00974	0.03392
9.97514	0.01086	0.03361
9.98271	0.01197	0.0333
9.99028	0.01309	0.03304
9.99786	0.01421	0.03283
10.00543	0.01533	0.03263
10.013	0.01644	0.03243
10.02058	0.01756	0.03249
10.02815	0.01868	0.03265
10.03572	0.01979	0.03281
10.0433	0.02091	0.03292
10.05087	0.02164	0.03264
10.05845	0.0223	0.03235
10.06602	0.02295	0.03207
10.07359	0.02361	0.03172
10.08117	0.02426	0.03131
10.08874	0.02492	0.03089
10.09631	0.02557	0.03047
10.10389	0.02635	0.03044
10.11146	0.02057	0.03049
10.11903	0.01466	0.03055
10.12661	0.01168	0.03049
10.13418	0.00977	0.03
10.14175	0.00786	0.0295
10.14933	0.00597	0.02901
10.1569	0.00407	0.02885
10.16448	0.00217	0.02893
10.17205	0.00158	0.02902
10.17962	0.0012	0.0291
10.1872	8.29201E-4	0.02889
10.19477	4.55674E-4	0.02866
10.20234	8.2147E-5	0.02843
10.20992	5.81312E-4	0.02833
10.21749	0.00234	0.02853
10.22506	0.00409	0.02872
10.23264	0.00585	0.02892
10.24021	0.0076	0.02879
10.24779	0.00936	0.02849
10.25536	0.01111	0.02818
10.26293	0.01287	0.0279
10.27051	0.01463	0.02807
10.27808	0.01638	0.02824
10.28565	0.02175	0.02841
10.29323	0.02777	0.02827
10.3008	0.03379	0.02765
10.30837	0.03981	0.02702
10.31595	0.03991	0.02639
10.32352	0.03745	0.02632
10.33109	0.035	0.02641
10.33867	0.0326	0.02651
10.34624	0.03036	0.02665
10.35382	0.02819	0.02715
10.36139	0.0261	0.02764
10.36896	0.02401	0.02813
10.37654	0.02192	0.02829
10.38411	0.02072	0.02808
10.39168	0.01988	0.02788
10.39926	0.01904	0.02768
10.40683	0.01819	0.02793
10.4144	0.01735	0.02827
10.42198	0.01554	0.0286
10.42955	0.01355	0.02882
10.43712	0.01156	0.02864
10.4447	0.00957	0.02847
10.45227	0.00759	0.02829
10.45985	0.00839	0.02838
10.46742	0.01091	0.02866
10.47499	0.01343	0.02893
10.48257	0.01595	0.0292
10.49014	0.01847	0.0294
10.49771	0.02099	0.0296
10.50529	0.02351	0.0298
10.51286	0.02607	0.03008
10.52043	0.02886	0.03056
10.52801	0.03151	0.03103
10.53558	0.03414	0.0315
10.54316	0.03677	0.03188
10.55073	0.0394	0.0322
10.5583	0.04203	0.03253
10.56588	0.04381	0.03285
10.57345	0.04497	0.03304
10.58102	0.04613	0.03322
10.5886	0.04729	0.0334
10.59617	0.04845	0.03347
10.60374	0.04961	0.03335
10.61132	0.05077	0.03324
10.61889	0.05193	0.03312
10.62646	0.05237	0.03371
10.63404	0.05124	0.0345
10.64161	0.0501	0.03528
10.64919	0.04897	0.03591
10.65676	0.04784	0.0356
10.66433	0.04671	0.03528
10.67191	0.04341	0.03496
10.67948	0.03669	0.03467
10.68705	0.02996	0.03439
10.69463	0.02085	0.03412
10.7022	0.01076	0.03385
10.70977	0.00115	0.03378
10.71735	0.0073	0.03375
10.72492	0.01344	0.03372
10.73249	0.01958	0.03385
10.74007	0.02572	0.03451
10.74764	0.03186	0.03516
10.75522	0.038	0.03582
10.76279	0.04414	0.03585
10.77036	0.05029	0.03547
10.77794	0.05643	0.03509
10.78551	0.06257	0.03471
10.79308	0.06871	0.03455
10.80066	0.07485	0.03439
10.80823	0.08037	0.03424
10.8158	0.08435	0.03411
10.82338	0.08832	0.03403
10.83095	0.0923	0.03394
10.83853	0.09627	0.03386
10.8461	0.10025	0.03346
10.85367	0.10422	0.03292
10.86125	0.1082	0.03238
10.86882	0.11217	0.03186
10.87639	0.1078	0.03164
10.88397	0.09067	0.03142
10.89154	0.08043	0.03119
10.89911	0.0752	0.03093
10.90669	0.06998	0.03062
10.91426	0.06475	0.03031
10.92183	0.04922	0.03001
10.92941	0.02941	0.02985
10.93698	0.03709	0.02974
10.94456	0.04478	0.02962
10.95213	0.05247	0.02961
10.9597	0.06015	0.03013
10.96728	0.06784	0.03064
10.97485	0.07553	0.03116
10.98242	0.08311	0.03142
10.99	0.09049	0.03145
10.99757	0.09787	0.03148
11.00514	0.10525	0.03151
11.01272	0.11262	0.0314
11.02029	0.11782	0.03128
11.02787	0.11943	0.03115
11.03544	0.12104	0.03108
11.04301	0.12265	0.03114
11.05059	0.12427	0.0312
11.05816	0.12588	0.03126
11.06573	0.12749	0.03107
11.07331	0.1291	0.03072
11.08088	0.13071	0.03038
11.08845	0.13232	0.03003
11.09603	0.13377	0.02976
11.1036	0.13051	0.0295
11.11117	0.12726	0.02923
11.11875	0.12689	0.02911
11.12632	0.12873	0.02925
11.1339	0.13057	0.0294
11.14147	0.13241	0.02954
11.14904	0.13425	0.02945
11.15662	0.13609	0.02926
11.16419	0.13793	0.02908
11.17176	0.13977	0.02888
11.17934	0.14161	0.02852
11.18691	0.13154	0.02816
11.19448	0.1197	0.02781
11.20206	0.11102	0.0275
11.20963	0.10755	0.02725
11.2172	0.10407	0.02701
11.22478	0.1006	0.02676
11.23235	0.09713	0.02656
11.23993	0.09366	0.02637
11.2475	0.10301	0.02618
11.25507	0.11338	0.02608
11.26265	0.11732	0.02639
11.27022	0.12126	0.0267
11.27779	0.1252	0.02702
11.28537	0.12914	0.02723
11.29294	0.13308	0.02735
11.30051	0.13702	0.02747
11.30809	0.14096	0.0276
11.31566	0.1448	0.02733
11.32324	0.14847	0.02702
11.33081	0.14994	0.02671
11.33838	0.1514	0.02632
11.34596	0.15287	0.02573
11.35353	0.15434	0.02514
11.3611	0.1558	0.02456
11.36868	0.15727	0.02475
11.37625	0.15839	0.02538
11.38382	0.15926	0.02601
11.3914	0.16013	0.02664
11.39897	0.161	0.0265
11.40654	0.16187	0.02636
11.41412	0.16274	0.02622
11.42169	0.16361	0.02601
11.42927	0.16448	0.02569
11.43684	0.16535	0.02537
11.44441	0.16646	0.02505
11.45199	0.16761	0.02467
11.45956	0.16876	0.02428
11.46713	0.16991	0.02389
11.47471	0.17106	0.02354
11.48228	0.17221	0.02357
11.48985	0.17336	0.0236
11.49743	0.17319	0.02363
11.505	0.16779	0.02355
11.51258	0.16411	0.02335
11.52015	0.1649	0.02314
11.52772	0.1657	0.02293
11.5353	0.16649	0.02303
11.54287	0.16728	0.02318
11.55044	0.16808	0.02334
11.55802	0.16887	0.02342
11.56559	0.16966	0.02322
11.57316	0.17134	0.02301
11.58074	0.17369	0.0228
11.58831	0.17604	0.02268
11.59588	0.1784	0.02264
11.60346	0.18075	0.02259
11.61103	0.1831	0.02254
11.61861	0.18473	0.02271
11.62618	0.18528	0.0229
11.63375	0.17852	0.02309
11.64133	0.17012	0.02304
11.6489	0.16172	0.02244
11.65647	0.15332	0.02183
11.66405	0.17714	0.02123
11.67162	0.1425	0.02118
11.67919	0.1487	0.02143
11.68677	0.15587	0.02168
11.69434	0.16304	0.02192
11.70191	0.17022	0.02216
11.70949	0.17739	0.0224
11.71706	0.18455	0.02264
11.72464	0.19168	0.02279
11.73221	0.19881	0.0228
11.73978	0.20594	0.02282
11.74736	0.20695	0.02283
11.75493	0.20689	0.02257
11.7625	0.20268	0.02222
11.77008	0.1849	0.02186
11.77765	0.16333	0.02152
11.78522	0.15121	0.0212
11.7928	0.15162	0.02089
11.80037	0.15204	0.02058
11.80795	0.15246	0.02056
11.81552	0.15288	0.02085
11.82309	0.15329	0.02114
11.83067	0.15371	0.02142
11.83824	0.15413	0.02119
11.84581	0.15455	0.02086
11.85339	0.15496	0.02054
11.86096	0.15538	0.02029
11.86853	0.1558	0.02031
11.87611	0.15666	0.02033
11.88368	0.15884	0.02034
11.89125	0.16054	0.0203
11.89883	0.16224	0.0202
11.9064	0.16393	0.02011
11.91398	0.16563	0.02001
11.92155	0.16732	0.02011
11.92912	0.16909	0.02021
11.9367	0.17093	0.02032
11.94427	0.1891	0.02048
11.95184	0.22519	0.02079
11.95942	0.26128	0.02109
11.96699	0.26409	0.0214
11.97456	0.25988	0.02126
11.98214	0.28661	0.02091
11.98971	0.2428	0.02057
11.99728	0.22299	0.02024
12.00486	0.22618	0.02028
12.01243	0.22938	0.02032
12.02001	0.23258	0.02036
12.02758	0.23578	0.02057
12.03515	0.23898	0.02102
12.04273	0.24217	0.02148
12.0503	0.24537	0.02194
12.05787	0.24857	0.02194
12.06545	0.25177	0.02181
12.07302	0.25496	0.02168
12.08059	0.25816	0.02158
12.08817	0.26136	0.02168
12.09574	0.26456	0.02177
12.10332	0.26775	0.02187
12.11089	0.28419	0.02199
12.11846	0.29287	0.02213
12.12604	0.28929	0.02228
12.13361	0.28571	0.02242
12.14118	0.28213	0.02253
12.14876	0.27857	0.02264
12.15633	0.275	0.02274
12.1639	0.27143	0.02289
12.17148	0.26787	0.02318
12.17905	0.2643	0.02346
12.18662	0.26074	0.02375
12.1942	0.25924	0.0305
12.20177	0.26525	0.04153
12.20935	0.27127	0.05257
12.21692	0.27728	0.0636
12.22449	0.2833	0.06247
12.23207	0.28417	0.06092
12.23964	0.24557	0.05938
12.24721	0.24122	0.05734
12.25479	0.24815	0.05432
12.26236	0.25508	0.0513
12.26993	0.262	0.04828
12.27751	0.26893	0.04684
12.28508	0.27585	0.04608
12.29266	0.28278	0.04532
12.30023	0.28365	0.04455
12.3078	0.26497	0.04357
12.31538	0.26139	0.0426
12.32295	0.26015	0.04162
12.33052	0.25891	0.04058
12.3381	0.25767	0.03944
12.34567	0.2563	0.0383
12.35324	0.25377	0.03716
12.36082	0.25055	0.03638
12.36839	0.24703	0.03569
12.37596	0.24334	0.035
12.38354	0.23955	0.03415
12.39111	0.23576	0.03247
12.39869	0.23197	0.03078
12.40626	0.23307	0.0291
12.41383	0.23946	0.02818
12.42141	0.24584	0.02796
12.42898	0.25223	0.02774
12.43655	0.25847	0.02751
12.44413	0.26442	0.02688
12.4517	0.27036	0.02619
12.45927	0.27631	0.0255
12.46685	0.28225	0.02504
12.47442	0.28729	0.02525
12.48199	0.29057	0.02546
12.48957	0.29385	0.02568
12.49714	0.29713	0.02523
12.50472	0.3004	0.02438
12.51229	0.30368	0.02354
12.51986	0.30825	0.02269
12.52744	0.31295	0.02311
12.53501	0.31765	0.02354
12.54258	0.32234	0.02398
12.55016	0.30463	0.02455
12.55773	0.27847	0.02537
12.5653	0.26637	0.02619
12.57288	0.26258	0.02702
12.58045	0.25896	0.02613
12.58803	0.25548	0.02458
12.5956	0.25201	0.02302
12.60317	0.24853	0.02155
12.61075	0.24505	0.02107
12.61832	0.24183	0.02059
12.62589	0.24278	0.02012
12.63347	0.24372	0.01989
12.64104	0.24466	0.01996
12.64861	0.24561	0.02004
12.65619	0.24655	0.02012
12.66376	0.24749	0.02007
12.67133	0.24844	0.01998
12.67891	0.24938	0.0199
12.68648	0.25032	0.01982
12.69406	0.25127	0.01982
12.70163	0.25221	0.01981
12.7092	0.25315	0.01981
12.71678	0.2541	0.01981
12.72435	0.25504	0.0198
12.73192	0.25598	0.0198
12.7395	0.25834	0.01979
12.74707	0.26297	0.01994
12.75464	0.2676	0.02011
12.76222	0.27222	0.02028
12.76979	0.27624	0.02055
12.77736	0.27601	0.02111
12.78494	0.27577	0.02167
12.79251	0.27554	0.02224
12.80009	0.2753	0.02279
12.80766	0.27507	0.02333
12.81523	0.27444	0.02388
12.82281	0.27369	0.02442
12.83038	0.27292	0.0245
12.83795	0.27214	0.02457
12.84553	0.27136	0.02464
12.8531	0.27058	0.02473
12.86067	0.26981	0.02487
12.86825	0.26903	0.02501
12.87582	0.26825	0.02515
12.8834	0.26747	0.02557
12.89097	0.26669	0.02609
12.89854	0.26592	0.02661
12.90612	0.26535	0.02709
12.91369	0.26479	0.02729
12.92126	0.26423	0.02749
12.92884	0.26368	0.02769
12.93641	0.26312	0.02792
12.94398	0.26256	0.02819
12.95156	0.262	0.02846
12.95913	0.26144	0.02873
12.9667	0.26088	0.02899
12.97428	0.26032	0.02925
12.98185	0.25977	0.02951
12.98943	0.25921	0.02983
12.997	0.25865	0.03039
13.00457	0.25809	0.03095
13.01215	0.25753	0.03151
13.01972	0.25697	0.03214
13.02729	0.25641	0.0328
13.03487	0.25586	0.03347
13.04244	0.25606	0.03414
13.05001	0.25777	0.03452
13.05759	0.25948	0.03488
13.06516	0.26118	0.03525
13.07274	0.26289	0.03584
13.08031	0.26459	0.03699
13.08788	0.2663	0.03813
13.09546	0.268	0.03928
13.10303	0.2697	0.03933
13.1106	0.27141	0.03881
13.11818	0.27311	0.03828
13.12575	0.27482	0.03778
13.13332	0.27652	0.03855
13.1409	0.27823	0.03931
13.14847	0.28105	0.04007
13.15604	0.28606	0.04062
13.16362	0.29107	0.04084
13.17119	0.29608	0.04106
13.17877	0.30109	0.04127
13.18634	0.3061	0.04184
13.19391	0.31111	0.04252
13.20149	0.31612	0.0432
13.20906	0.32113	0.04371
13.21663	0.32049	0.04288
13.22421	0.31487	0.04205
13.23178	0.30925	0.04123
13.23935	0.30393	0.04114
13.24693	0.29865	0.04183
13.2545	0.29338	0.04253
13.26207	0.2881	0.04322
13.26965	0.28297	0.04286
13.27722	0.27786	0.04231
13.2848	0.27279	0.04176
13.29237	0.26775	0.04135
13.29994	0.2627	0.04142
13.30752	0.26077	0.04149
13.31509	0.26006	0.04156
13.32266	0.25935	0.04136
13.33024	0.25864	0.04097
13.33781	0.25793	0.04058
13.34538	0.25722	0.04019
13.35296	0.25651	0.04017
13.36053	0.25579	0.04018
13.36811	0.25508	0.04018
13.37568	0.25437	0.04002
13.38325	0.25366	0.0395
13.39083	0.25295	0.03897
13.3984	0.25224	0.03844
13.40597	0.25153	0.03783
13.41355	0.25073	0.03718
13.42112	0.24991	0.03654
13.42869	0.24909	0.03592
13.43627	0.24827	0.03607
13.44384	0.24745	0.03623
13.45141	0.24662	0.03638
13.45899	0.2458	0.03647
13.46656	0.24498	0.03644
13.47414	0.24416	0.03642
13.48171	0.24319	0.0364
13.48928	0.24203	0.03616
13.49686	0.24312	0.03587
13.50443	0.24832	0.03558
13.512	0.25353	0.0354
13.51958	0.25874	0.03598
13.52715	0.26394	0.03655
13.53472	0.26798	0.03713
13.5423	0.2718	0.0375
13.54987	0.27563	0.03766
13.55744	0.27945	0.03782
13.56502	0.28327	0.03799
13.57259	0.2871	0.03789
13.58017	0.29092	0.03774
13.58774	0.29475	0.0376
13.59531	0.29754	0.03756
13.60289	0.29863	0.03782
13.61046	0.29973	0.03808
13.61803	0.30083	0.03834
13.62561	0.30193	0.03839
13.63318	0.30303	0.0383
13.64075	0.30412	0.03822
13.64833	0.30522	0.03814
13.6559	0.30632	0.03815
13.66348	0.30742	0.03816
13.67105	0.30852	0.03817
13.67862	0.30688	0.03805
13.6862	0.30495	0.03766
13.69377	0.30302	0.03727
13.70134	0.30109	0.03688
13.70892	0.29916	0.03666
13.71649	0.29723	0.03651
13.72406	0.2953	0.03637
13.73164	0.29337	0.03623
13.73921	0.29144	0.03637
13.74678	0.28951	0.0365
13.75436	0.28788	0.03664
13.76193	0.28736	0.03678
13.76951	0.28684	0.03693
13.77708	0.2863	0.03709
13.78465	0.2857	0.03724
13.79223	0.2851	0.03717
13.7998	0.2845	0.03704
13.80737	0.2839	0.03691
13.81495	0.2833	0.03676
13.82252	0.2827	0.03651
13.83009	0.2821	0.03625
13.83767	0.2815	0.036
13.84524	0.2809	0.03583
13.85282	0.2803	0.03575
13.86039	0.2797	0.03566
13.86796	0.27263	0.03557
13.87554	0.26131	0.03551
13.88311	0.25368	0.03546
13.89068	0.25525	0.0354
13.89826	0.25681	0.03546
13.90583	0.25837	0.03587
13.9134	0.25993	0.03627
13.92098	0.2615	0.03668
13.92855	0.26306	0.03706
13.93612	0.26462	0.03742
13.9437	0.26618	0.03778
13.95127	0.26774	0.03814
13.95885	0.26931	0.03849
13.96642	0.27087	0.03883
13.97399	0.27243	0.03917
13.98157	0.27399	0.03935
13.98914	0.27555	0.0392
13.99671	0.27712	0.03905
14.00429	0.27868	0.0389
14.01186	0.28024	0.03898
14.01943	0.2818	0.03914
14.02701	0.28238	0.03931
14.03458	0.28241	0.03947
14.04215	0.28244	0.03957
14.04973	0.28246	0.03967
14.0573	0.28249	0.03977
14.06488	0.28252	0.03997
14.07245	0.28255	0.04027
14.08002	0.28257	0.04058
14.0876	0.2826	0.04089
14.09517	0.28263	0.04085
14.10274	0.28266	0.04073
14.11032	0.28268	0.04061
14.11789	0.27555	0.04059
14.12546	0.26708	0.04106
14.13304	0.26111	0.04152
14.14061	0.25742	0.04199
14.14819	0.25373	0.04186
14.15576	0.25004	0.04121
14.16333	0.24635	0.04057
14.17091	0.24266	0.03993
14.17848	0.23897	0.04031
14.18605	0.23528	0.04079
14.19363	0.23159	0.04128
14.2012	0.228	0.04148
14.20877	0.22578	0.04093
14.21635	0.22356	0.04038
14.22392	0.22134	0.03983
14.23149	0.21912	0.0399
14.23907	0.2169	0.04034
14.24664	0.21468	0.04077
14.25422	0.21246	0.0412
14.26179	0.21025	0.04089
14.26936	0.20803	0.04058
14.27694	0.20585	0.04027
14.28451	0.20372	0.0401
14.29208	0.20237	0.04017
14.29966	0.20502	0.04023
14.30723	0.20766	0.0403
14.3148	0.2103	0.04044
14.32238	0.21294	0.04062
14.32995	0.21558	0.0408
14.33753	0.21823	0.04097
14.3451	0.22087	0.04112
14.35267	0.22351	0.04126
14.36025	0.22615	0.04141
14.36782	0.22831	0.04158
14.37539	0.23013	0.04179
14.38297	0.23196	0.042
14.39054	0.23378	0.0422
14.39811	0.2356	0.04191
14.40569	0.23742	0.0415
14.41326	0.23925	0.0411
14.42083	0.24107	0.04082
14.42841	0.24289	0.04108
14.43598	0.24471	0.04134
14.44356	0.24654	0.04159
14.45113	0.24836	0.04133
14.4587	0.25018	0.04066
14.46628	0.25201	0.03998
14.47385	0.25383	0.0393
14.48142	0.25565	0.03952
14.489	0.24911	0.03982
14.49657	0.24194	0.04012
14.50414	0.23477	0.04023
14.51172	0.22919	0.03987
14.51929	0.22733	0.03951
14.52686	0.22548	0.03915
14.53444	0.2236	0.03928
14.54201	0.22171	0.03966
14.54959	0.21982	0.04004
14.55716	0.21794	0.0404
14.56473	0.21605	0.04008
14.57231	0.21416	0.03975
14.57988	0.21227	0.03942
14.58745	0.21039	0.03911
14.59503	0.2085	0.03883
14.6026	0.20661	0.03854
14.61017	0.20472	0.03825
14.61775	0.20284	0.0382
14.62532	0.20095	0.03823
14.6329	0.19906	0.03826
14.64047	0.19782	0.03824
14.64804	0.1985	0.03783
14.65562	0.19917	0.03742
14.66319	0.19985	0.03701
14.67076	0.20053	0.037
14.67834	0.2012	0.03741
14.68591	0.20188	0.03782
14.69348	0.20255	0.03822
14.70106	0.20323	0.03806
14.70863	0.2039	0.03778
14.7162	0.20458	0.03751
14.72378	0.20526	0.03734
14.73135	0.20593	0.03757
14.73893	0.20661	0.03781
14.7465	0.20737	0.03804
14.75407	0.20828	0.03845
14.76165	0.2092	0.03897
14.76922	0.21011	0.0395
14.77679	0.21103	0.04002
14.78437	0.21194	0.04028
14.79194	0.21266	0.04051
14.79951	0.21303	0.04075
14.80709	0.21339	0.04107
14.81466	0.21376	0.04158
14.82223	0.21412	0.04209
14.82981	0.21449	0.04259
14.83738	0.21485	0.0426
14.84496	0.21545	0.04236
14.85253	0.21724	0.04212
14.8601	0.21903	0.04192
14.86768	0.22082	0.04265
14.87525	0.22261	0.04338
14.88282	0.2244	0.04411
14.8904	0.22619	0.0447
14.89797	0.22797	0.04508
14.90554	0.23265	0.04545
14.91312	0.2385	0.04583
14.92069	0.24436	0.047
14.92827	0.25021	0.04841
14.93584	0.25443	0.04983
14.94341	0.25735	0.05119
14.95099	0.26027	0.05217
14.95856	0.26318	0.05315
14.96613	0.2661	0.05413
14.97371	0.26902	0.055
14.98128	0.27514	0.05575
14.98885	0.28244	0.0565
14.99643	0.28974	0.05725
15.004	0.29704	0.05869
15.01157	0.30433	0.06025
15.01915	0.30971	0.0618
15.02672	0.31435	0.06319
15.0343	0.31898	0.06399
15.04187	0.32362	0.0648
15.04944	0.32825	0.0656
15.05702	0.34178	0.06695
15.06459	0.3592	0.06867
15.07216	0.3734	0.07039
15.07974	0.37288	0.07212
15.08731	0.37235	0.07407
15.09488	0.37183	0.07604
15.10246	0.3713	0.07801
15.11003	0.37078	0.0797
15.11761	0.37025	0.08082
15.12518	0.36973	0.08194
15.13275	0.3689	0.08306
15.14033	0.36549	0.08391
15.1479	0.36209	0.08464
15.15547	0.35869	0.08538
15.16305	0.35529	0.08609
15.17062	0.35188	0.0864
15.17819	0.34848	0.08671
15.18577	0.34508	0.08703
15.19334	0.34168	0.08744
15.20091	0.33827	0.08799
15.20849	0.33487	0.08855
15.21606	0.33147	0.0891
15.22364	0.32807	0.08967
15.23121	0.32467	0.09025
15.23878	0.32126	0.09083
15.24636	0.31964	0.09159
15.25393	0.3208	0.09337
15.2615	0.32197	0.09515
15.26908	0.32313	0.09693
15.27665	0.32429	0.09818
15.28422	0.32546	0.09891
15.2918	0.32662	0.09965
15.29937	0.32779	0.10039
15.30694	0.32895	0.09944
15.31452	0.33011	0.09826
15.32209	0.3313	0.09709
15.32967	0.33258	0.09672
15.33724	0.34576	0.09883
15.34481	0.34918	0.10093
15.35239	0.34236	0.10303
15.35996	0.33553	0.10349
15.36753	0.32871	0.10291
15.37511	0.32189	0.10232
15.38268	0.31507	0.10174
15.39025	0.30825	0.10188
15.39783	0.30143	0.10204
15.4054	0.2946	0.10219
15.41298	0.28778	0.10212
15.42055	0.28253	0.1016
15.42812	0.28022	0.10108
15.4357	0.27773	0.10056
15.44327	0.27524	0.10037
15.45084	0.27275	0.10031
15.45842	0.27026	0.10025
15.46599	0.26777	0.10025
15.47356	0.26528	0.10094
15.48114	0.26279	0.10163
15.48871	0.2603	0.10231
15.49628	0.25782	0.10291
15.50386	0.25533	0.10339
15.51143	0.25284	0.10386
15.51901	0.25035	0.10434
15.52658	0.24786	0.10368
15.53415	0.24537	0.10274
15.54173	0.2382	0.10181
15.5493	0.23004	0.10111
15.55687	0.22133	0.10161
15.56445	0.2108	0.1021
15.57202	0.20026	0.1026
15.57959	0.19197	0.10174
15.58717	0.18502	0.09971
15.59474	0.17807	0.09768
15.60231	0.16945	0.09565
15.60989	0.15181	0.09589
15.61746	0.13994	0.09638
15.62504	0.13611	0.09686
15.63261	0.13229	0.09692
15.64018	0.12846	0.09579
15.64776	0.12464	0.09467
15.65533	0.12081	0.09354
15.6629	0.11699	0.09295
15.67048	0.11316	0.09269
15.67805	0.10934	0.09242
15.68562	0.10645	0.09216
15.6932	0.10468	0.09209
15.70077	0.10291	0.09202
15.70835	0.10114	0.09196
15.71592	0.09937	0.09153
15.72349	0.0976	0.09047
15.73107	0.09583	0.08941
15.73864	0.09406	0.08835
15.74621	0.09229	0.08747
15.75379	0.09053	0.08666
15.76136	0.08876	0.08586
15.76893	0.08699	0.08531
15.77651	0.08522	0.08727
15.78408	0.08345	0.08923
15.79165	0.08168	0.09119
15.79923	0.07991	0.0921
15.8068	0.07814	0.09176
15.81438	0.07637	0.09141
15.82195	0.075	0.09107
15.82952	0.07691	0.09112
15.8371	0.07881	0.09125
15.84467	0.08071	0.09139
15.85224	0.08262	0.09145
15.85982	0.08452	0.09118
15.86739	0.08642	0.09091
15.87496	0.0884	0.09065
15.88254	0.09065	0.09103
15.89011	0.0929	0.09194
15.89769	0.09536	0.09286
15.90526	0.09795	0.09377
15.91283	0.10055	0.09445
15.92041	0.10317	0.09511
15.92798	0.10579	0.09576
15.93555	0.10804	0.0961
15.94313	0.10922	0.09561
15.9507	0.1104	0.09512
15.95827	0.11158	0.09463
15.96585	0.11276	0.09386
15.97342	0.11394	0.09293
15.98099	0.11512	0.092
15.98857	0.1163	0.0911
15.99614	0.11748	0.09179
16.00372	0.11865	0.09248
16.01129	0.11983	0.09317
16.01886	0.12101	0.09346
16.02644	0.12219	0.0931
16.03401	0.12337	0.09273
16.04158	0.12561	0.09237
16.04916	0.12797	0.09284
16.05673	0.13032	0.09359
16.0643	0.13268	0.09434
16.07188	0.13503	0.09496
16.07945	0.13739	0.09451
16.08702	0.13926	0.09406
16.0946	0.13916	0.09362
16.10217	0.13906	0.09265
16.10975	0.13896	0.09111
16.11732	0.13886	0.08958
16.12489	0.13876	0.08804
16.13247	0.13866	0.08779
16.14004	0.13855	0.08778
16.14761	0.13845	0.08777
16.15519	0.13835	0.08811
16.16276	0.13825	0.08983
16.17033	0.13815	0.09154
16.17791	0.13805	0.09325
16.18548	0.13794	0.08175
16.19306	0.13784	0.06037
16.20063	0.13153	0.039
16.2082	0.11435	0.01762
16.21578	0.09716	0.01618
16.22335	0.0895	0.01607
16.23092	0.08683	0.01596
16.2385	0.08417	0.01583
16.24607	0.08151	0.01565
16.25364	0.07884	0.01548
16.26122	0.07618	0.01531
16.26879	0.07352	0.01518
16.27636	0.07085	0.01507
16.28394	0.06819	0.01496
16.29151	0.06553	0.01485
16.29909	0.06286	0.0147
16.30666	0.0602	0.01456
16.31423	0.05754	0.01441
16.32181	0.05487	0.01438
16.32938	0.05221	0.01452
16.33695	0.04955	0.01466
16.34453	0.04688	0.0148
16.3521	0.04712	0.01461
16.35967	0.05635	0.01431
16.36725	0.06558	0.014
16.37482	0.06882	0.01375
16.38239	0.0694	0.01378
16.38997	0.06998	0.01382
16.39754	0.07057	0.01386
16.40512	0.07115	0.0138
16.41269	0.07174	0.01364
16.42026	0.07232	0.01349
16.42784	0.07291	0.01333
16.43541	0.07349	0.01355
16.44298	0.07408	0.01383
16.45056	0.07466	0.01411
16.45813	0.07524	0.01432
16.4657	0.07583	0.01432
16.47328	0.07641	0.01431
16.48085	0.077	0.01431
16.48843	0.07744	0.01415
16.496	0.07698	0.0139
16.50357	0.07653	0.01364
16.51115	0.07607	0.01339
16.51872	0.07562	0.01328
16.52629	0.07516	0.01317
16.53387	0.07471	0.01307
16.54144	0.07425	0.01304
16.54901	0.0738	0.01318
16.55659	0.07334	0.01333
16.56416	0.07289	0.01347
16.57173	0.07243	0.01333
16.57931	0.07198	0.01306
16.58688	0.07152	0.01279
16.59446	0.07127	0.01254
16.60203	0.07105	0.01284
16.6096	0.07084	0.01314
16.61718	0.07062	0.01344
16.62475	0.0704	0.01364
16.63232	0.07019	0.01371
16.6399	0.06997	0.01377
16.64747	0.07007	0.01384
16.65504	0.07034	0.01375
16.66262	0.07061	0.01362
16.67019	0.07088	0.01348
16.67777	0.07115	0.01338
16.68534	0.07141	0.01348
16.69291	0.07168	0.01358
16.70049	0.07144	0.01368
16.70806	0.07049	0.01382
16.71563	0.06955	0.01399
16.72321	0.0686	0.01417
16.73078	0.06766	0.01434
16.73835	0.06672	0.01444
16.74593	0.06577	0.01453
16.7535	0.06483	0.01462
16.76107	0.06388	0.01472
16.76865	0.06294	0.01488
16.77622	0.06199	0.01504
16.7838	0.06106	0.0152
16.79137	0.06015	0.0154
16.79894	0.05924	0.01562
16.80652	0.05833	0.01585
16.81409	0.05742	0.01607
16.82166	0.05651	0.01624
16.82924	0.05561	0.0164
16.83681	0.0547	0.01656
16.84438	0.05379	0.01674
16.85196	0.05071	0.01695
16.85953	0.04711	0.01715
16.8671	0.04351	0.01736
16.87468	0.03991	0.01755
16.88225	0.03631	0.01773
16.88983	0.03272	0.01791
16.8974	0.02912	0.01808
16.90497	0.02552	0.01808
16.91255	0.02192	0.01808
16.92012	0.01832	0.01808
16.92769	0.01472	0.01818
16.93527	0.01374	0.01842
16.94284	0.01516	0.01866
16.95041	0.01658	0.0189
16.95799	0.01799	0.01937
16.96556	0.01941	0.01991
16.97314	0.02083	0.02044
16.98071	0.02225	0.0209
16.98828	0.02366	0.02102
16.99586	0.02508	0.02114
17.00343	0.02667	0.02126
17.011	0.0283	0.02146
17.01858	0.02992	0.02175
17.02615	0.03155	0.02204
17.03372	0.03317	0.02232
17.0413	0.03361	0.02268
17.04887	0.03392	0.02305
17.05644	0.03423	0.02342
17.06402	0.03453	0.02375
17.07159	0.03484	0.02394
17.07917	0.03515	0.02414
17.08674	0.03542	0.02434
17.09431	0.03566	0.02445
17.10189	0.03591	0.02452
17.10946	0.03615	0.02459
17.11703	0.0364	0.02466
17.12461	0.03664	0.02501
17.13218	0.03689	0.02536
17.13975	0.03713	0.02571
17.14733	0.03738	0.02594
17.1549	0.03762	0.02596
17.16247	0.03786	0.02598
17.17005	0.03811	0.026
17.17762	0.03835	0.02623
17.1852	0.0386	0.02655
17.19277	0.03884	0.02686
17.20034	0.03909	0.02715
17.20792	0.03933	0.02709
17.21549	0.03904	0.02703
17.22306	0.03809	0.02697
17.23064	0.03713	0.02699
17.23821	0.03617	0.0271
17.24578	0.03522	0.02721
17.25336	0.03426	0.02732
17.26093	0.03331	0.02737
17.26851	0.03235	0.0274
17.27608	0.03139	0.02743
17.28365	0.03044	0.02746
17.29123	0.02948	0.02744
17.2988	0.02853	0.02743
17.30637	0.02757	0.02742
17.31395	0.02661	0.0273
17.32152	0.02566	0.0271
17.32909	0.0247	0.0269
17.33667	0.02375	0.0267
17.34424	0.02354	0.02655
17.35181	0.02847	0.02641
17.35939	0.03341	0.02626
17.36696	0.03834	0.02622
17.37454	0.04327	0.02647
17.38211	0.04711	0.02671
17.38968	0.04833	0.02695
17.39726	0.04959	0.02714
17.40483	0.05085	0.02729
17.4124	0.05211	0.02745
17.41998	0.05337	0.0276
17.42755	0.05463	0.02776
17.43512	0.0559	0.02793
17.4427	0.05716	0.02809
17.45027	0.05842	0.02824
17.45785	0.05968	0.02837
17.46542	0.06094	0.02849
17.47299	0.0622	0.02861
17.48057	0.06248	0.02869
17.48814	0.05995	0.02874
17.49571	0.05742	0.0288
17.50329	0.05488	0.02887
17.51086	0.05235	0.02902
17.51843	0.04982	0.02918
17.52601	0.04729	0.02933
17.53358	0.04475	0.02933
17.54115	0.04222	0.02917
17.54873	0.03969	0.029
17.5563	0.03752	0.02884
17.56388	0.03538	0.0287
17.57145	0.03323	0.02857
17.57902	0.03109	0.02843
17.5866	0.02894	0.02831
17.59417	0.02679	0.02826
17.60174	0.02465	0.0282
17.60932	0.0225	0.02814
17.61689	0.02036	0.028
17.62446	0.01825	0.0278
17.63204	0.01622	0.0276
17.63961	0.01419	0.0274
17.64718	0.01216	0.02764
17.65476	0.01012	0.02792
17.66233	0.00809	0.02819
17.66991	0.00606	0.02832
17.67748	0.00403	0.02811
17.68505	0.002	0.02791
17.69263	-2.83282E-5	0.0277
17.7002	-0.00208	0.02756
17.70777	-0.00417	0.02745
17.71535	-0.00626	0.02734
17.72292	-0.00835	0.02722
17.73049	-0.0099	0.02699
17.73807	-0.00842	0.02676
17.74564	-0.00693	0.02653
17.75322	-0.00545	0.02644
17.76079	-0.00397	0.02655
17.76836	-0.00249	0.02666
17.77594	-0.001	0.02678
17.78351	4.77559E-4	0.02677
17.79108	0.00196	0.02674
17.79866	0.00344	0.0267
17.80623	0.00492	0.02667
17.8138	0.00547	0.02675
17.82138	0.00493	0.02682
17.82895	0.00439	0.0269
17.83652	0.00386	0.02697
17.8441	0.00332	0.02703
17.85167	0.00278	0.0271
17.85925	0.00224	0.02717
17.86682	0.00171	0.02703
17.87439	0.00117	0.02687
17.88197	6.34334E-4	0.0267
17.88954	9.74614E-5	0.02659
17.89711	-4.39411E-4	0.02666
17.90469	-9.76284E-4	0.02673
17.91226	-0.00151	0.02681
17.91983	-0.00205	0.02699
17.92741	-0.00259	0.02725
17.93498	-0.00312	0.0275
17.94256	-0.00366	0.02776
17.95013	-0.0042	0.02756
17.9577	-0.00473	0.02734
17.96528	-0.00527	0.02711
17.97285	-0.00581	0.02711
17.98042	-0.00635	0.02756
17.988	-0.00772	0.02802
17.99557	-0.00939	0.02848
18.00314	-0.01106	0.02862
18.01072	-0.01273	0.02862
18.01829	-0.01438	0.02861
18.02586	-0.01601	0.02864
18.03344	-0.01764	0.02916
18.04101	-0.01928	0.02969
18.04859	-0.02091	0.03021
18.05616	-0.02255	0.03047
18.06373	-0.02418	0.03034
18.07131	-0.02581	0.03021
18.07888	-0.02745	0.03008
18.08645	-0.02908	0.03024
18.09403	-0.03071	0.03049
18.1016	-0.03235	0.03074
18.10917	-0.03398	0.03098
18.11675	-0.03561	0.03111
18.12432	-0.03725	0.03125
18.13189	-0.03636	0.03138
18.13947	-0.03224	0.0316
18.14704	-0.02812	0.03189
18.15462	-0.02401	0.03218
18.16219	-0.01989	0.03248
18.16976	-0.01577	0.03257
18.17734	-0.01317	0.03263
18.18491	-0.01312	0.0327
18.19248	-0.01303	0.03284
18.20006	-0.01289	0.03325
18.20763	-0.01274	0.03365
18.2152	-0.01259	0.03405
18.22278	-0.01244	0.03481
18.23035	-0.01229	0.03579
18.23793	-0.01215	0.03677
18.2455	-0.012	0.03776
18.25307	-0.01185	0.03792
18.26065	-0.0117	0.03806
18.26822	-0.01211	0.0382
18.27579	-0.01479	0.03807
18.28337	-0.01747	0.03742
18.29094	-0.02016	0.03676
18.29851	-0.02284	0.0361
18.30609	-0.02552	0.03622
18.31366	-0.0282	0.03666
18.32123	-0.03088	0.03711
18.32881	-0.03356	0.03752
18.33638	-0.03618	0.03757
18.34396	-0.03621	0.03762
18.35153	-0.03624	0.03766
18.3591	-0.03627	0.03781
18.36668	-0.03631	0.03807
18.37425	-0.03634	0.03834
18.38182	-0.03637	0.0386
18.3894	-0.0364	0.03851
18.39697	-0.03644	0.03832
18.40454	-0.03647	0.03814
18.41212	-0.0365	0.03806
18.41969	-0.03654	0.03854
18.42726	-0.03657	0.03902
18.43484	-0.0366	0.0395
18.44241	-0.03663	0.03952
18.44999	-0.03667	0.03914
18.45756	-0.0367	0.03876
18.46513	-0.03673	0.03838
18.47271	-0.03676	0.03824
18.48028	-0.0368	0.03812
18.48785	-0.03683	0.03801
18.49543	-0.03686	0.03786
18.503	-0.03689	0.03761
18.51057	-0.03693	0.03736
18.51815	-0.03696	0.0371
18.52572	-0.03044	0.03722
18.5333	-0.02264	0.03756
18.54087	-0.01484	0.0379
18.54844	-0.00991	0.03823
18.55602	-0.01176	0.03781
18.56359	-0.01362	0.03738
18.57116	-0.01547	0.03695
18.57874	-0.01732	0.03686
18.58631	-0.01917	0.03739
18.59388	-0.02103	0.03792
18.60146	-0.02288	0.03845
18.60903	-0.02473	0.03842
18.6166	-0.02658	0.03817
18.62418	-0.02844	0.03793
18.63175	-0.03029	0.03766
18.63933	-0.03214	0.03717
18.6469	-0.034	0.03668
18.65447	-0.03585	0.03619
18.66205	-0.03521	0.03566
18.66962	-0.03393	0.03508
18.67719	-0.03265	0.0345
18.68477	-0.03137	0.03392
18.69234	-0.03009	0.03447
18.69991	-0.02881	0.03527
18.70749	-0.02753	0.03607
18.71506	-0.02632	0.0367
18.72264	-0.02516	0.03651
18.73021	-0.02401	0.03633
18.73778	-0.02286	0.03615
18.74536	-0.0217	0.03593
18.75293	-0.02055	0.03569
18.7605	-0.0194	0.03545
18.76808	-0.01825	0.0352
18.77565	-0.0169	0.03475
18.78322	-0.01456	0.03426
18.7908	-0.01222	0.03378
18.79837	-0.00987	0.03326
18.80594	-0.00753	0.03263
18.81352	-0.00519	0.032
18.82109	-0.00284	0.03137
18.82867	-5.02466E-4	0.03095
18.83624	0.00184	0.03066
18.84381	0.00418	0.03036
18.85139	0.00653	0.03007
18.85896	0.00637	0.03058
18.86653	0.00543	0.03109
18.87411	0.00454	0.0316
18.88168	0.00366	0.03198
18.88925	0.00278	0.03212
18.89683	0.00189	0.03226
18.9044	0.00101	0.0324
18.91197	1.25039E-4	0.03267
18.91955	-7.58447E-4	0.03298
18.92712	-0.00164	0.03329
18.9347	-0.00253	0.03354
18.94227	-0.00341	0.03329
18.94984	-0.00319	0.03304
18.95742	0.01636	0.0328
18.96499	0.03248	0.0325
18.97256	0.02969	0.03215
18.98014	0.02689	0.03181
18.98771	0.0241	0.03146
18.99528	0.02131	0.0315
19.00286	0.01852	0.03162
19.01043	0.01573	0.03175
19.01801	0.01294	0.03179
19.02558	0.01015	0.03153
19.03315	0.00735	0.03127
19.04073	0.00456	0.03101
19.0483	0.00178	0.03096
19.05587	-9.74637E-4	0.03107
19.06345	-0.00373	0.03119
19.07102	-0.00817	0.03131
19.07859	-0.02049	0.03132
19.08617	-0.03281	0.03132
19.09374	-0.04514	0.03133
19.10131	-0.053	0.03114
19.10889	-0.06079	0.03052
19.11646	-0.06859	0.02989
19.12404	-0.07639	0.02927
19.13161	-0.08419	0.02913
19.13918	-0.09199	0.02924
19.14676	-0.08117	0.02935
19.15433	-0.06291	0.02948
19.1619	-0.06154	0.03011
19.16948	-0.06018	0.03075
19.17705	-0.05881	0.03138
19.18462	-0.05745	0.02947
19.1922	-0.05608	0.0236
19.19977	-0.05472	0.01773
19.20734	-0.05335	0.01186
19.21492	-0.05199	0.01048
19.22249	-0.05062	0.01053
19.23007	-0.04926	0.01059
19.23764	-0.04789	0.01062
19.24521	-0.04653	0.01052
19.25279	-0.04516	0.01042
19.26036	-0.0438	0.01032
19.26793	-0.04243	0.01032
19.27551	-0.04107	0.01042
19.28308	-0.0397	0.01052
19.29065	-0.03647	0.01062
19.29823	-0.02958	0.01051
19.3058	-0.02268	0.01036
19.31338	-0.01589	0.01022
19.32095	-0.00983	0.01009
19.32852	-0.00377	0.01005
19.3361	0.00229	0.01002
19.34367	0.00835	0.00998
19.35124	0.0134	0.00998
19.35882	0.01573	0.01
19.36639	0.01807	0.01002
19.37396	0.0204	0.01004
19.38154	0.02273	0.01022
19.38911	0.02506	0.01041
19.39668	0.0274	0.01059
19.40426	0.02973	0.01068
19.41183	0.03207	0.01055
19.41941	0.0344	0.01042
19.42698	0.03677	0.0103
19.43455	0.04116	0.0103
19.44213	0.04555	0.01037
19.4497	0.04995	0.01043
19.45727	0.05434	0.01048
19.46485	0.05498	0.01011
19.47242	0.05386	0.00974
19.47999	0.05274	0.00937
19.48757	0.05162	0.00922
19.49514	0.05051	0.00938
19.50272	0.04939	0.00954
19.51029	0.04827	0.0097
19.51786	0.04715	0.00974
19.52544	0.04604	0.00974
19.53301	0.04492	0.00974
19.54058	0.0438	0.00975
19.54816	0.04268	0.00975
19.55573	0.04157	0.00976
19.5633	0.03967	0.00977
19.57088	0.03734	0.0097
19.57845	0.03501	0.00957
19.58602	0.03268	0.00944
19.5936	0.03036	0.00931
19.60117	0.02803	0.0093
19.60875	0.0257	0.00931
19.61632	0.02337	0.00931
19.62389	0.02105	0.00933
19.63147	0.01872	0.00939
19.63904	0.01718	0.00945
19.64661	0.01589	0.00951
19.65419	0.01475	0.00952
19.66176	0.01361	0.00949
19.66933	0.01247	0.00946
19.67691	0.01133	0.00943
19.68448	0.01019	0.0093
19.69205	0.00905	0.00916
19.69963	0.00791	0.00902
19.7072	0.00677	0.0089
19.71478	0.00476	0.00882
19.72235	0.00272	0.00874
19.72992	6.71584E-4	0.00866
19.7375	-0.00135	0.00864
19.74507	-0.00336	0.00865
19.75264	-0.00538	0.00866
19.76022	-0.00739	0.00867
19.76779	-0.0094	0.00869
19.77536	-0.01142	0.00871
19.78294	-0.01181	0.00873
19.79051	-0.01159	0.00875
19.79809	-0.01138	0.00875
19.80566	-0.01117	0.00875
19.81323	-0.01095	0.00876
19.82081	-0.01074	0.00877
19.82838	-0.01053	0.00878
19.83595	-0.01032	0.0088
19.84353	-0.0101	0.00881
19.8511	-0.00989	0.0088
19.85867	-0.00968	0.00879
19.86625	-0.00946	0.00879
19.87382	-0.00925	0.0088
19.88139	-0.00904	0.00883
19.88897	-0.00883	0.00886
19.89654	-0.00861	0.00889
19.90412	-0.0084	0.00886
19.91169	-0.00819	0.00881
19.91926	-0.00797	0.00877
19.92684	-0.00776	0.00873
19.93441	-0.00755	0.0087
19.94198	-0.00734	0.00867
19.94956	-0.00712	0.00864
19.95713	-0.00691	0.00865
19.9647	-0.00546	0.00868
19.97228	-0.00376	0.00872
19.97985	-0.00206	0.00876
19.98742	-3.6185E-4	0.00875
19.995	0.00134	0.00875
20.00257	0.00304	0.00874
20.01015	0.00474	0.00873
20.01772	0.00644	0.00872
20.02529	0.00814	0.00871
20.03287	0.00984	0.0087
20.04044	0.00973	0.00877
20.04801	0.00919	0.00886
20.05559	0.00866	0.00895
20.06316	0.00813	0.00903
20.07073	0.00759	0.00896
20.07831	0.00706	0.00889
20.08588	0.00653	0.00882
20.09346	0.00597	0.00881
20.10103	0.00541	0.00888
20.1086	0.00485	0.00895
20.11618	0.00429	0.00902
20.12375	0.00373	0.00905
20.13132	0.00317	0.00907
20.1389	0.00261	0.00909
20.14647	0.00205	0.00911
20.15404	0.00149	0.00915
20.16162	9.02426E-4	0.00918
20.16919	-0.00117	0.00921
20.17676	-0.00325	0.00921
20.18434	-0.00532	0.00918
20.19191	-0.00739	0.00915
20.19949	-0.00947	0.00913
20.20706	-0.01154	0.00915
20.21463	-0.01362	0.00917
20.22221	-0.01569	0.00919
20.22978	-0.01777	0.00923
20.23735	-0.01984	0.00931
20.24493	-0.02009	0.00938
20.2525	-0.02013	0.00946
20.26007	-0.02016	0.00953
20.26765	-0.0202	0.0096
20.27522	-0.02024	0.00967
20.2828	-0.02028	0.00974
20.29037	-0.02032	0.00978
20.29794	-0.02036	0.00982
20.30552	-0.0204	0.00987
20.31309	-0.02044	0.00992
20.32066	-0.02047	0.00998
20.32824	-0.02051	0.01004
20.33581	-0.02055	0.01011
20.34338	-0.02059	0.01017
20.35096	-0.02063	0.01023
20.35853	-0.02067	0.01029
20.3661	-0.02071	0.01036
20.37368	-0.02075	0.01044
20.38125	-0.02078	0.01052
20.38883	-0.02082	0.01061
20.3964	-0.02123	0.01068
20.40397	-0.02195	0.01074
20.41155	-0.02267	0.0108
20.41912	-0.02339	0.01086
20.42669	-0.02411	0.01096
20.43427	-0.02483	0.01107
20.44184	-0.02555	0.01118
20.44941	-0.02625	0.01129
20.45699	-0.02694	0.01139
20.46456	-0.02763	0.01149
20.47213	-0.02832	0.01159
20.47971	-0.02901	0.01168
20.48728	-0.0297	0.01176
20.49486	-0.0304	0.01184
20.50243	-0.03109	0.01191
20.51	-0.03178	0.01208
20.51758	-0.03256	0.01226
20.52515	-0.03541	0.01244
20.53272	-0.04071	0.01261
20.5403	-0.04601	0.01274
20.54787	-0.05125	0.01287
20.55544	-0.05335	0.013
20.56302	-0.05545	0.01312
20.57059	-0.05755	0.01322
20.57817	-0.05965	0.01333
20.58574	-0.06175	0.01343
20.59331	-0.06385	0.01349
20.60089	-0.06595	0.01355
20.60846	-0.06805	0.01361
20.61603	-0.07014	0.0137
20.62361	-0.07224	0.01383
20.63118	-0.07434	0.01397
20.63875	-0.07644	0.0141
20.64633	-0.07854	0.01423
20.6539	-0.07467	0.01437
20.66147	-0.07041	0.0145
20.66905	-0.06616	0.01463
20.67662	-0.0619	0.01478
20.6842	-0.05764	0.01492
20.69177	-0.05339	0.01506
20.69934	-0.04913	0.01525
20.70692	-0.04488	0.01549
20.71449	-0.04062	0.01572
20.72206	-0.03636	0.01596
20.72964	-0.03211	0.01612
20.73721	-0.02785	0.01627
20.74478	-0.0236	0.01642
20.75236	-0.03376	0.01658
20.75993	-0.04434	0.01676
20.76751	-0.04008	0.01695
20.77508	-0.03582	0.01713
20.78265	-0.03156	0.01739
20.79023	-0.0273	0.01769
20.7978	-0.02304	0.018
20.80537	-0.01878	0.0183
20.81295	-0.01452	0.01857
20.82052	-0.01025	0.01884
20.82809	-0.00598	0.01911
20.83567	-0.00171	0.0193
20.84324	0.00255	0.01931
20.85081	0.00682	0.01931
20.85839	0.01109	0.01932
20.86596	0.01302	0.01944
20.87354	0.01269	0.01962
20.88111	0.01237	0.01979
20.88868	0.01204	0.01997
20.89626	0.01171	0.02014
20.90383	0.01138	0.02031
20.9114	0.01105	0.02048
20.91898	0.01072	0.0207
20.92655	0.01039	0.02098
20.93412	0.01006	0.02127
20.9417	0.00973	0.02156
20.94927	0.0094	0.02165
20.95684	0.00907	0.02168
20.96442	0.00874	0.02171
20.97199	0.00841	0.02175
20.97957	0.00808	0.02177
20.98714	0.00775	0.0218
20.99471	0.00742	0.02182
21.00229	0.0071	0.02184
21.00986	0.00677	0.02186
21.01743	0.00644	0.02187
21.02501	0.00611	0.02189
21.03258	0.00578	0.02194
21.04015	0.00545	0.022
21.04773	0.00512	0.02207
21.0553	0.00479	0.02214
21.06288	0.00446	0.02227
21.07045	0.00413	0.02239
21.07802	0.0038	0.02252
21.0856	0.00347	0.02251
21.09317	0.00407	0.02243
21.10074	0.00626	0.02234
21.10832	0.00845	0.02225
21.11589	0.01063	0.02197
21.12346	0.01282	0.02169
21.13104	0.015	0.02141
21.13861	0.01719	0.02116
21.14618	0.01937	0.02096
21.15376	0.02156	0.02076
21.16133	0.02374	0.02056
21.16891	0.02593	0.0204
21.17648	0.02811	0.02026
21.18405	0.0303	0.02012
21.19163	0.03249	0.02
21.1992	0.03467	0.02006
21.20677	0.03686	0.02012
21.21435	0.03902	0.02018
21.22192	0.04119	0.02023
21.22949	0.04098	0.02028
21.23707	0.038	0.02032
21.24464	0.03502	0.02037
21.25221	0.03204	0.02032
21.25979	0.02906	0.02025
21.26736	0.02608	0.02018
21.27494	0.0231	0.02009
21.28251	0.02012	0.01986
21.29008	0.01714	0.01964
21.29766	0.01446	0.01941
21.30523	0.01214	0.0192
21.3128	0.00981	0.01899
21.32038	0.00748	0.01878
21.32795	0.00515	0.01858
21.33552	0.00282	0.01861
21.3431	4.96424E-4	0.01867
21.35067	-0.00183	0.01874
21.35825	-0.00414	0.01874
21.36582	-0.00643	0.01855
21.37339	-0.00873	0.01837
21.38097	-0.01102	0.01819
21.38854	-0.01332	0.01792
21.39611	-0.01561	0.01759
21.40369	-0.0179	0.01726
21.41126	-0.0202	0.01693
21.41883	-0.02249	0.01661
21.42641	-0.02479	0.01628
21.43398	-0.02708	0.01595
21.44155	-0.02937	0.01565
21.44913	-0.03167	0.01538
21.4567	-0.03165	0.01511
21.46428	-0.04051	0.01484
21.47185	-0.05695	0.01467
21.47942	-0.07009	0.01454
21.487	-0.0669	0.01441
21.49457	-0.06371	0.01428
21.50214	-0.06053	0.01413
21.50972	-0.05734	0.01397
21.51729	-0.05415	0.01382
21.52486	-0.05097	0.01371
21.53244	-0.04778	0.01366
21.54001	-0.0446	0.01362
21.54759	-0.04141	0.01357
21.55516	-0.03822	0.01345
21.56273	-0.03504	0.01331
21.57031	-0.03185	0.01317
21.57788	-0.02866	0.01304
21.58545	-0.02548	0.01295
21.59303	-0.02226	0.01286
21.6006	-0.01903	0.01277
21.60817	-0.0158	0.01267
21.61575	-0.01257	0.01256
21.62332	-0.00934	0.01245
21.63089	-0.00611	0.01234
21.63847	-0.00288	0.0123
21.64604	3.45162E-4	0.01227
21.65362	0.00357	0.01224
21.66119	0.0068	0.0122
21.66876	0.01003	0.01213
21.67634	0.01063	0.01206
21.68391	0.01107	0.01198
21.69148	0.0115	0.01182
21.69906	0.01193	0.01161
21.70663	0.01236	0.01139
21.7142	0.01279	0.01118
21.72178	0.01323	0.01107
21.72935	0.01366	0.01095
21.73692	0.01409	0.01084
21.7445	0.01452	0.01075
21.75207	0.01495	0.01068
21.75965	0.01539	0.0106
21.76722	0.01582	0.01053
21.77479	0.01625	0.01045
21.78237	0.01668	0.01037
21.78994	0.01711	0.01029
21.79751	0.01755	0.01021
21.80509	0.01798	0.01008
21.81266	0.01841	0.00996
21.82023	0.01884	0.00984
21.82781	0.01927	0.00974
21.83538	0.0197	0.00967
21.84296	0.02014	0.0096
21.85053	0.02057	0.00954
21.8581	0.021	0.00941
21.86568	0.02143	0.00926
21.87325	0.02186	0.00912
21.88082	0.0223	0.009
21.8884	0.02273	0.00896
21.89597	0.02294	0.00893
21.90354	0.02121	0.00889
21.91112	0.01948	0.00884
21.91869	0.01775	0.00878
21.92626	0.01601	0.00872
21.93384	0.01428	0.00866
21.94141	0.01242	0.00866
21.94899	0.01056	0.00867
21.95656	0.00869	0.00867
21.96413	0.00683	0.00863
21.97171	0.00496	0.00845
21.97928	0.00356	0.00828
21.98685	0.00224	0.0081
21.99443	9.26136E-4	0.0079
22.002	-4.01313E-4	0.00768
22.00957	-0.00179	0.00746
22.01715	-0.00318	0.00724
22.02472	-0.00456	0.00719
22.03229	-0.00595	0.00714
22.03987	-0.00734	0.00709
22.04744	-0.00873	0.00705
22.05502	-0.01012	0.00704
22.06259	-0.00979	0.00703
22.07016	-0.00904	0.00702
22.07774	-0.0083	0.00699
22.08531	-0.00755	0.00695
22.09288	-0.00681	0.00691
22.10046	-0.00606	0.00687
22.10803	-0.00532	0.00686
22.1156	-0.00458	0.00686
22.12318	-0.00383	0.00685
22.13075	-0.00309	0.00683
22.13833	-0.00234	0.00679
22.1459	-0.0016	0.00676
22.15347	-8.52541E-4	0.00672
22.16105	-1.08045E-4	0.00663
22.16862	6.3645E-4	0.00654
22.17619	0.00138	0.00645
22.18377	0.00213	0.00637
22.19134	0.00287	0.00631
22.19891	0.00361	0.00625
22.20649	0.00436	0.00619
22.21406	0.0051	0.00618
22.22163	0.00585	0.0062
22.22921	0.00527	0.00622
22.23678	0.00386	0.00624
22.24436	0.00245	0.00615
22.25193	0.00103	0.00606
22.2595	-3.80529E-4	0.00597
22.26708	-0.00179	0.0059
22.27465	-0.00321	0.00586
22.28222	-0.00462	0.00582
22.2898	-0.00603	0.00577
22.29737	-0.00745	0.00573
22.30494	-0.00886	0.00569
22.31252	-0.01027	0.00564
22.32009	-0.01168	0.0056
22.32767	-0.0131	0.0056
22.33524	-0.01451	0.0056
22.34281	-0.01427	0.00559
22.35039	-0.0134	0.00559
22.35796	-0.01253	0.00558
22.36553	-0.01166	0.00557
22.37311	-0.01078	0.00556
22.38068	-0.00991	0.00558
22.38825	-0.00904	0.00561
22.39583	-0.00815	0.00563
22.4034	-0.0072	0.00565
22.41097	-0.00625	0.00564
22.41855	-0.0053	0.00563
22.42612	-0.00435	0.00561
22.4337	-0.0034	0.00558
22.44127	-0.00245	0.00552
22.44884	-0.0015	0.00546
22.45642	-5.48103E-4	0.00541
22.46399	4.0192E-4	0.0054
22.47156	0.00135	0.00539
22.47914	0.0023	0.00539
22.48671	0.00325	0.00539
22.49428	0.0042	0.00539
22.50186	0.00495	0.00539
22.50943	0.00551	0.00538
22.517	0.00606	0.00539
22.52458	0.00662	0.0054
22.53215	0.00717	0.00541
22.53973	0.00773	0.00542
22.5473	0.00828	0.0054
22.55487	0.00884	0.00538
22.56245	0.00939	0.00535
22.57002	0.00995	0.00533
22.57759	0.0105	0.00531
22.58517	0.01106	0.00529
22.59274	0.01161	0.00526
22.60031	0.01217	0.00524
22.60789	0.01272	0.0052
22.61546	0.01328	0.00517
22.62304	0.01383	0.00514
22.63061	0.01439	0.00515
22.63818	0.01496	0.00516
22.64576	0.01554	0.00516
22.65333	0.01612	0.00518
22.6609	0.0167	0.00521
22.66848	0.01727	0.00524
22.67605	0.01785	0.00528
22.68362	0.01671	0.0053
22.6912	0.01442	0.00532
22.69877	0.01214	0.00534
22.70634	0.00985	0.00535
22.71392	0.00757	0.00534
22.72149	0.00528	0.00534
22.72907	0.00299	0.00533
22.73664	7.18477E-4	0.00531
22.74421	-5.79113E-4	0.00527
22.75179	-0.00188	0.00523
22.75936	-0.00317	0.00519
22.76693	-0.00447	0.00515
22.77451	-0.00577	0.00513
22.78208	-0.00707	0.0051
22.78965	-0.00836	0.00507
22.79723	-0.00968	0.00505
22.8048	-0.01103	0.00503
22.81237	-0.01237	0.00501
22.81995	-0.01372	0.00501
22.82752	-0.01506	0.00502
22.8351	-0.01641	0.00503
22.84267	-0.01776	0.00504
22.85024	-0.0191	0.0051
22.85782	-0.02045	0.00516
22.86539	-0.0209	0.00522
22.87296	-0.02048	0.00525
22.88054	-0.02006	0.00525
22.88811	-0.01965	0.00524
22.89568	-0.01923	0.00524
22.90326	-0.01881	0.00523
22.91083	-0.01839	0.00523
22.91841	-0.01798	0.00522
22.92598	-0.01756	0.00522
22.93355	-0.01714	0.0052
22.94113	-0.01672	0.00519
22.9487	-0.01631	0.00517
22.95627	-0.01589	0.00519
22.96385	-0.01547	0.00526
22.97142	-0.01506	0.00533
22.97899	-0.01464	0.00539
22.98657	-0.01422	0.00542
22.99414	-0.0138	0.00544
23.00171	-0.01339	0.00546
23.00929	-0.01297	0.00549
23.01686	-0.01255	0.00554
23.02444	-0.01213	0.00559
23.03201	-0.01172	0.00565
23.03958	-0.0113	0.00567
23.04716	-0.01088	0.00567
23.05473	-0.01046	0.00567
23.0623	-0.01005	0.00566
23.06988	-0.00963	0.00568
23.07745	-0.00921	0.0057
23.08502	-0.00886	0.00571
23.0926	-0.0092	0.00572
23.10017	-0.00954	0.00569
23.10775	-0.00988	0.00567
23.11532	-0.01022	0.00564
23.12289	-0.01056	0.00567
23.13047	-0.0109	0.00573
23.13804	-0.01123	0.00579
23.14561	-0.01157	0.00586
23.15319	-0.01191	0.00587
23.16076	-0.01225	0.00588
23.16833	-0.01259	0.0059
23.17591	-0.01293	0.00593
23.18348	-0.01327	0.00598
23.19105	-0.01361	0.00604
23.19863	-0.01395	0.0061
23.2062	-0.01427	0.00615
23.21378	-0.01459	0.00621
23.22135	-0.0149	0.00626
23.22892	-0.01521	0.00631
23.2365	-0.01399	0.0063
23.24407	-0.01224	0.00629
23.25164	-0.01048	0.00628
23.25922	-0.00872	0.0063
23.26679	-0.00697	0.00635
23.27436	-0.00521	0.0064
23.28194	-0.00345	0.00646
23.28951	-0.00169	0.00653
23.29708	6.23816E-5	0.00662
23.30466	0.00182	0.0067
23.31223	0.00358	0.00677
23.31981	0.00521	0.00679
23.32738	0.00536	0.0068
23.33495	0.00551	0.00681
23.34253	0.00565	0.00686
23.3501	0.0058	0.00693
23.35767	0.00595	0.00699
23.36525	0.00609	0.00706
23.37282	0.00624	0.00705
23.38039	0.00639	0.00703
23.38797	0.00653	0.00701
23.39554	0.00668	0.007
23.40312	0.00682	0.00701
23.41069	0.00697	0.00702
23.41826	0.00712	0.00703
23.42584	0.00726	0.00703
23.43341	0.00741	0.00702
23.44098	0.00756	0.00702
23.44856	0.0077	0.00701
23.45613	0.00785	0.00704
23.4637	0.008	0.00706
23.47128	0.00814	0.00709
23.47885	0.00829	0.00712
23.48642	0.00844	0.00714
23.494	0.00858	0.00717
23.50157	0.00873	0.00719
23.50915	0.00887	0.00725
23.51672	0.00902	0.00731
23.52429	0.00917	0.00737
23.53187	0.00931	0.00743
23.53944	0.00946	0.00745
23.54701	0.00961	0.00746
23.55459	0.00975	0.00748
23.56216	0.00937	0.0075
23.56973	0.00881	0.00754
23.57731	0.00825	0.00759
23.58488	0.00769	0.00763
23.59245	0.007	0.00762
23.60003	0.00626	0.00761
23.6076	0.00552	0.00759
23.61518	0.00477	0.00758
23.62275	0.00403	0.00757
23.63032	0.00329	0.00756
23.6379	0.00254	0.00755
23.64547	0.0018	0.00755
23.65304	0.00106	0.00755
23.66062	3.15557E-4	0.00755
23.66819	-4.27098E-4	0.00755
23.67576	-0.00117	0.0076
23.68334	-0.00191	0.00765
23.69091	-0.00266	0.00771
23.69849	-0.0034	0.00774
23.70606	-0.00414	0.00773
23.71363	-0.00488	0.00771
23.72121	-0.00563	0.0077
23.72878	-0.00637	0.00767
23.73635	-0.00711	0.00763
23.74393	-0.00785	0.00759
23.7515	-0.0086	0.00754
23.75907	-0.00934	0.00747
23.76665	-0.01008	0.0074
23.77422	-0.01082	0.00733
23.78179	-0.01157	0.00728
23.78937	-0.01199	0.00726
23.79694	-0.01199	0.00725
23.80452	-0.01199	0.00723
23.81209	-0.01199	0.00724
23.81966	-0.01199	0.00727
23.82724	-0.01199	0.00729
23.83481	-0.01199	0.00732
23.84238	-0.01199	0.00738
23.84996	-0.01199	0.00745
23.85753	-0.01199	0.00751
23.8651	-0.01199	0.00754
23.87268	-0.01199	0.00753
23.88025	-0.01199	0.00753
23.88783	-0.01199	0.00752
23.8954	-0.01199	0.00753
23.90297	-0.01199	0.00754
23.91055	-0.01199	0.00756
23.91812	-0.01199	0.00757
23.92569	-0.01199	0.00757
23.93327	-0.01199	0.00757
23.94084	-0.01199	0.00758
23.94841	-0.01199	0.00759
23.95599	-0.01199	0.00761
23.96356	-0.01199	0.00763
23.97113	-0.01199	0.00766
23.97871	-0.01199	0.00767
23.98628	-0.01199	0.00768
23.99386	-0.01199	0.0077
24.00143	-0.01199	0.00771
24.009	-0.01199	0.00772
24.01658	-0.01199	0.00772
24.02415	-0.01199	0.00773
24.03172	-0.01199	0.00773
24.0393	-0.01192	0.00774
24.04687	-0.01142	0.00774
24.05444	-0.01092	0.00775
24.06202	-0.01043	0.00774
24.06959	-0.00993	0.00773
24.07716	-0.00943	0.00772
24.08474	-0.00893	0.00772
24.09231	-0.00844	0.00773
24.09989	-0.00794	0.00775
24.10746	-0.00744	0.00776
24.11503	-0.00694	0.00775
24.12261	-0.00644	0.00773
24.13018	-0.00595	0.00772
24.13775	-0.00545	0.00771
24.14533	-0.00495	0.00771
24.1529	-0.00445	0.00772
24.16047	-0.00396	0.00772
24.16805	-0.00346	0.00774
24.17562	-0.00296	0.00777
24.1832	-0.00246	0.0078
24.19077	-0.00197	0.00782
24.19834	-0.00147	0.00783
24.20592	-9.70488E-4	0.00783
24.21349	-4.72823E-4	0.00783
24.22106	2.48405E-5	0.00784
24.22864	5.22505E-4	0.00791
24.23621	0.00102	0.00797
24.24378	0.00152	0.00803
24.25136	0.00202	0.00806
24.25893	0.00251	0.00806
24.2665	0.00301	0.00806
24.27408	0.00351	0.00806
24.28165	0.00401	0.00804
24.28923	0.00381	0.00802
24.2968	0.00349	0.008
24.30437	0.00316	0.00799
24.31195	0.00284	0.00798
24.31952	0.00252	0.00797
24.32709	0.0022	0.00796
24.33467	0.00188	0.00795
24.34224	0.00156	0.00793
24.34981	0.00124	0.00791
24.35739	9.15564E-4	0.00789
24.36496	5.94263E-4	0.00794
24.37254	2.72962E-4	0.00799
24.38011	-4.83393E-5	0.00804
24.38768	-3.6964E-4	0.00807
24.39526	-6.90942E-4	0.00806
24.40283	-0.00101	0.00805
24.4104	-0.00133	0.00805
24.41798	-0.00165	0.00804
24.42555	-0.00198	0.00804
24.43312	-0.0023	0.00804
24.4407	-0.00262	0.00803
24.44827	-0.00294	0.00801
24.45584	-0.00326	0.00799
24.46342	-0.00358	0.00797
24.47099	-0.00389	0.00794
24.47857	-0.00419	0.0079
24.48614	-0.00449	0.00786
24.49371	-0.00478	0.00783
24.50129	-0.00508	0.00783
24.50886	-0.00538	0.00784
24.51643	-0.0057	0.00785
24.52401	-0.00611	0.00786
24.53158	-0.00652	0.00788
24.53915	-0.00693	0.00791
24.54673	-0.00734	0.00793
24.5543	-0.00775	0.00791
24.56187	-0.00816	0.00787
24.56945	-0.00856	0.00782
24.57702	-0.00897	0.00778
24.5846	-0.00938	0.00776
24.59217	-0.00979	0.00775
24.59974	-0.0102	0.00773
24.60732	-0.01061	0.00772
24.61489	-0.01101	0.0077
24.62246	-0.01142	0.00768
24.63004	-0.01183	0.00767
24.63761	-0.01224	0.00766
24.64518	-0.01265	0.00766
24.65276	-0.01306	0.00765
24.66033	-0.01346	0.00765
24.66791	-0.01387	0.00762
24.67548	-0.01428	0.00759
24.68305	-0.01469	0.00757
24.69063	-0.01426	0.00752
24.6982	-0.01343	0.00746
24.70577	-0.0126	0.00739
24.71335	-0.01176	0.00733
24.72092	-0.01093	0.00732
24.72849	-0.0101	0.00733
24.73607	-0.00927	0.00734
24.74364	-0.00843	0.00734
24.75121	-0.0076	0.00734
24.75879	-0.00677	0.00734
24.76636	-0.00594	0.00734
24.77394	-0.00511	0.00733
24.78151	-0.00427	0.0073
24.78908	-0.00344	0.00728
24.79666	-0.00261	0.00726
24.80423	-0.00178	0.00727
24.8118	-9.43993E-4	0.00728
24.81938	-1.11771E-4	0.00729
24.82695	7.20451E-4	0.0073
24.83452	0.00155	0.0073
24.8421	0.00238	0.0073
24.84967	0.00322	0.0073
24.85724	0.00405	0.00729
24.86482	0.00488	0.00728
24.87239	0.00571	0.00727
24.87997	0.00655	0.00725
24.88754	0.00738	0.0072
24.89511	0.00827	0.00714
24.90269	0.01002	0.00708
24.91026	0.01172	0.00705
24.91783	0.01339	0.00707
24.92541	0.01506	0.00708
24.93298	0.01673	0.0071
24.94055	0.0184	0.00711
24.94813	0.02007	0.00713
24.9557	0.02174	0.00714
24.96328	0.02341	0.00715
24.97085	0.0239	0.00718
24.97842	0.02218	0.00721
24.986	0.0203	0.00724
24.99357	0.01838	0.00726
25.00114	0.01647	0.00726
25.00872	0.01455	0.00726
25.01629	0.01263	0.00726
25.02386	0.01071	0.00725
25.03144	0.00879	0.00724
25.03901	0.00687	0.00723
25.04658	0.00495	0.00721
25.05416	0.00303	0.00719
25.06173	0.00111	0.00717
25.06931	-9.72694E-4	0.00714
25.07688	-0.0031	0.00712
25.08445	-0.00522	0.00708
25.09203	-0.00734	0.00705
25.0996	-0.00947	0.00702
25.10717	-0.01159	0.00699
25.11475	-0.01371	0.00695
25.12232	-0.01584	0.00691
25.12989	-0.01796	0.00688
25.13747	-0.02008	0.00688
25.14504	-0.02221	0.00688
25.15262	-0.02433	0.00687
25.16019	-0.02618	0.00686
25.16776	-0.02711	0.00683
25.17534	-0.02804	0.00681
25.18291	-0.02897	0.00678
25.19048	-0.0299	0.00679
25.19806	-0.03083	0.00679
25.20563	-0.03176	0.00679
25.2132	-0.03269	0.00678
25.22078	-0.03362	0.00674
25.22835	-0.03455	0.0067
25.23592	-0.03548	0.00666
25.2435	-0.03641	0.00667
25.25107	-0.03734	0.0067
25.25865	-0.03827	0.00673
25.26622	-0.0392	0.00676
25.27379	-0.04013	0.00676
25.28137	-0.04106	0.00677
25.28894	-0.04199	0.00678
25.29651	-0.04292	0.00678
25.30409	-0.04384	0.00678
25.31166	-0.04477	0.00678
25.31923	-0.0457	0.00678
25.32681	-0.04663	0.00682
25.33438	-0.04756	0.00687
25.34195	-0.04849	0.00692
25.34953	-0.04942	0.00696
25.3571	-0.05035	0.00697
25.36468	-0.05128	0.00698
25.37225	-0.05165	0.00699
25.37982	-0.05107	0.00699
25.3874	-0.0505	0.00698
25.39497	-0.04992	0.00698
25.40254	-0.04934	0.00697
25.41012	-0.04876	0.00698
25.41769	-0.04818	0.00699
25.42526	-0.0476	0.007
25.43284	-0.04702	0.00701
25.44041	-0.04644	0.00701
25.44799	-0.04586	0.007
25.45556	-0.04528	0.007
25.46313	-0.0447	0.00704
25.47071	-0.04412	0.00709
25.47828	-0.04354	0.00715
25.48585	-0.04296	0.0072
25.49343	-0.04238	0.00722
25.501	-0.0418	0.00724
25.50857	-0.04122	0.00726
25.51615	-0.03915	0.00732
25.52372	-0.03634	0.00741
25.53129	-0.03353	0.00751
25.53887	-0.03072	0.00761
25.54644	-0.02791	0.00765
25.55402	-0.0251	0.00767
25.56159	-0.02229	0.0077
25.56916	-0.01948	0.00772
25.57674	-0.01667	0.00777
25.58431	-0.01386	0.00781
25.59188	-0.01171	0.00785
25.59946	-0.01045	0.00788
25.60703	-0.0092	0.00789
25.6146	-0.00795	0.00789
25.62218	-0.0067	0.0079
25.62975	-0.00545	0.00792
25.63732	-0.0042	0.00794
25.6449	-0.00294	0.00796
25.65247	-0.00169	0.00798
25.66005	-4.40711E-4	0.00797
25.66762	8.1105E-4	0.00796
25.67519	0.00164	0.00795
25.68277	0.00145	0.00795
25.69034	0.00126	0.00795
25.69791	0.00106	0.00795
25.70549	8.68734E-4	0.00795
25.71306	6.75096E-4	0.00797
25.72063	4.81458E-4	0.00799
25.72821	2.87821E-4	0.00801
25.73578	9.41828E-5	0.00805
25.74336	-9.94549E-5	0.00811
25.75093	-2.93093E-4	0.00817
25.7585	-4.8673E-4	0.00823
25.76608	-6.80368E-4	0.00825
25.77365	-8.74006E-4	0.00825
25.78122	-0.00107	0.00825
25.7888	-0.00126	0.00826
25.79637	-0.00145	0.00828
25.80394	-0.00165	0.00831
25.81152	-0.00184	0.00834
25.81909	-0.00204	0.00835
25.82666	-0.00223	0.00833
25.83424	-0.00242	0.00831
25.84181	-0.00262	0.00828
25.84939	-0.00281	0.00835
25.85696	-0.003	0.00844
25.86453	-0.0032	0.00852
25.87211	-0.00337	0.0086
25.87968	-0.00351	0.00862
25.88725	-0.00365	0.00864
25.89483	-0.0038	0.00866
25.9024	-0.00394	0.00867
25.90997	-0.00408	0.00868
25.91755	-0.00423	0.00869
25.92512	-0.00437	0.0087
25.9327	-0.00451	0.00874
25.94027	-0.00465	0.00879
25.94784	-0.0048	0.00883
25.95542	-0.00494	0.00888
25.96299	-0.00508	0.00895
25.97056	-0.00523	0.00901
25.97814	-0.00537	0.00908
25.98571	-0.00551	0.0091
25.99328	-0.00565	0.00909
26.00086	-0.0058	0.00909
26.00843	-0.00594	0.00908
26.016	-0.00608	0.00911
26.02358	-0.00623	0.00914
26.03115	-0.00637	0.00917
26.03873	-0.00651	0.0092
26.0463	-0.00666	0.00924
26.05387	-0.0068	0.00927
26.06145	-0.00694	0.00931
26.06902	-0.00708	0.00934
26.07659	-0.00723	0.00937
26.08417	-0.00737	0.0094
26.09174	-0.00751	0.00943
26.09931	-0.00766	0.00944
26.10689	-0.0078	0.00945
26.11446	-0.00794	0.00946
26.12203	-0.00808	0.00948
26.12961	-0.00788	0.00952
26.13718	-0.00742	0.00957
26.14476	-0.00696	0.00961
26.15233	-0.0065	0.0097
26.1599	-0.00605	0.00981
26.16748	-0.00559	0.00991
26.17505	-0.00513	0.01001
26.18262	-0.00467	0.01009
26.1902	-0.00421	0.01016
26.19777	-0.00376	0.01024
26.20534	-0.0033	0.0103
26.21292	-0.00284	0.01036
26.22049	-0.00238	0.01042
26.22807	-0.00193	0.01048
26.23564	-0.00147	0.01052
26.24321	-0.00101	0.01056
26.25079	-5.51939E-4	0.0106
26.25836	-9.40951E-5	0.01065
26.26593	-4.69155E-5	0.01072
26.27351	-0.00162	0.0108
26.28108	-0.0032	0.01088
26.28865	-0.00478	0.01093
26.29623	-0.00635	0.01096
26.3038	-0.00793	0.011
26.31137	-0.0095	0.01103
26.31895	-0.01108	0.01106
26.32652	-0.01266	0.01109
26.3341	-0.01422	0.01112
26.34167	-0.01578	0.01116
26.34924	-0.01733	0.01123
26.35682	-0.01889	0.01129
26.36439	-0.0204	0.01135
26.37196	-0.01917	0.01145
26.37954	-0.01793	0.01156
26.38711	-0.01669	0.01167
26.39468	-0.01546	0.01179
26.40226	-0.01422	0.01197
26.40983	-0.01298	0.01215
26.4174	-0.01175	0.01233
26.42498	-0.01051	0.01248
26.43255	-0.00927	0.01259
26.44013	-0.00804	0.0127
26.4477	-0.0068	0.0128
26.45527	-0.00556	0.01289
26.46285	-0.00433	0.01297
26.47042	-0.00309	0.01305
26.47799	-0.00185	0.01313
26.48557	-6.17891E-4	0.01324
26.49314	6.18635E-4	0.01335
26.50071	0.00186	0.01347
26.50829	0.00309	0.01355
26.51586	0.00433	0.01362
26.52344	0.00556	0.01369
26.53101	0.0068	0.01376
26.53858	0.00804	0.01387
26.54616	0.00927	0.01399
26.55373	0.01051	0.01411
26.5613	0.01175	0.01422
26.56888	0.01164	0.01429
26.57645	0.0101	0.01436
26.58402	0.00856	0.01442
26.5916	0.00702	0.01459
26.59917	0.00549	0.01481
26.60674	0.00395	0.01503
26.61432	0.00241	0.01524
26.62189	8.75105E-4	0.01537
26.62947	-6.62257E-4	0.0155
26.63704	-0.0022	0.01564
26.64461	-0.00374	0.01669
26.65219	-0.00527	0.01915
26.65976	-0.00681	0.02162
26.66733	-0.00835	0.02408
26.67491	-0.00989	0.02455
26.68248	-0.01142	0.02438
26.69005	-0.01296	0.02422
26.69763	-0.0145	0.02406
26.7052	-0.01604	0.02396
26.71278	-0.01757	0.02387
26.72035	-0.01911	0.02378
26.72792	-0.02065	0.02363
26.7355	-0.02172	0.02342
26.74307	-0.02119	0.02322
26.75064	-0.02067	0.02301
26.75822	-0.02014	0.023
26.76579	-0.01961	0.02301
26.77336	-0.01909	0.02303
26.78094	-0.01856	0.02303
26.78851	-0.01803	0.02298
26.79608	-0.0175	0.02294
26.80366	-0.01699	0.02289
26.81123	-0.0165	0.02279
26.81881	-0.01602	0.02266
26.82638	-0.01553	0.02252
26.83395	-0.01505	0.02239
26.84153	-0.01456	0.02231
26.8491	-0.01407	0.02223
26.85667	-0.01359	0.02215
26.86425	-0.0131	0.02206
26.87182	-0.01262	0.02195
26.87939	-0.01213	0.02184
26.88697	-0.01164	0.02174
26.89454	-0.01116	0.02165
26.90211	-0.01067	0.02158
26.90969	-0.01019	0.02151
26.91726	-0.0097	0.02143
26.92484	-0.00921	0.02122
26.93241	-0.00873	0.021
26.93998	-0.00824	0.02078
26.94756	-0.00776	0.02062
26.95513	-0.00727	0.02053
26.9627	-0.00628	0.02044
26.97028	-0.00498	0.02036
26.97785	-0.00368	0.02027
26.98542	-0.00237	0.02019
26.993	-0.00107	0.0201
27.00057	2.26461E-4	0.02001
27.00815	0.00153	0.01985
27.01572	0.00283	0.01969
27.02329	0.00413	0.01953
27.03087	0.00543	0.01941
27.03844	0.00673	0.01932
27.04601	0.00803	0.01924
27.05359	0.00933	0.01915
27.06116	0.01063	0.02396
27.06873	0.01193	0.02947
27.07631	0.01323	0.03499
27.08388	0.01453	0.03917
27.09145	0.01583	0.03908
27.09903	0.01714	0.03899
27.1066	0.01844	0.0389
27.11418	0.01974	0.0389
27.12175	0.02104	0.03895
27.12932	0.02234	0.03901
27.1369	0.02458	0.03906
27.14447	0.02716	0.03907
27.15204	0.02974	0.03908
27.15962	0.03232	0.03908
27.16719	0.0349	0.03908
27.17476	0.03748	0.03906
27.18234	0.04006	0.03904
27.18991	0.04117	0.03902
27.19748	0.03511	0.03908
27.20506	0.02904	0.03917
27.21263	0.02297	0.03927
27.22021	0.01691	0.03937
27.22778	0.01084	0.03959
27.23535	0.00478	0.03981
27.24293	-0.00129	0.04003
27.2505	-0.0038	0.04021
27.25807	-0.00385	0.04035
27.26565	-0.0039	0.04049
27.27322	-0.00395	0.04063
27.28079	-0.004	0.04045
27.28837	-0.00401	0.0402
27.29594	-0.00402	0.03994
27.30352	-0.00403	0.0397
27.31109	-0.00404	0.03954
27.31866	-0.00405	0.03938
27.32624	-0.00406	0.03922
27.33381	-0.00407	0.039
27.34138	-0.00408	0.03872
27.34896	-0.00409	0.03845
27.35653	-0.0041	0.03818
27.3641	-0.00411	0.03787
27.37168	-0.00412	0.03756
27.37925	-0.00413	0.03725
27.38682	-0.00458	0.03698
27.3944	-0.00589	0.03685
27.40197	-0.0072	0.03672
27.40955	-0.00851	0.03659
27.41712	-0.00983	0.03659
27.42469	-0.01114	0.03666
27.43227	-0.01245	0.03673
27.43984	-0.01376	0.0368
27.44741	-0.01508	0.03678
27.45499	-0.01639	0.03676
27.46256	-0.0177	0.03673
27.47013	-0.01901	0.03677
27.47771	-0.02033	0.0369
27.48528	-0.02164	0.03703
27.49286	-0.02182	0.03717
27.50043	-0.0212	0.0372
27.508	-0.02058	0.03718
27.51558	-0.01996	0.03717
27.52315	-0.01934	0.03715
27.53072	-0.01872	0.03703
27.5383	-0.0181	0.03692
27.54587	-0.01748	0.0368
27.55344	-0.01686	0.03664
27.56102	-0.01624	0.03642
27.56859	-0.01562	0.0362
27.57616	-0.015	0.03598
27.58374	-0.01438	0.03581
27.59131	-0.01376	0.03565
27.59889	-0.01314	0.0355
27.60646	-0.01252	0.03537
27.61403	-0.01191	0.0354
27.62161	-0.01129	0.03543
27.62918	-0.01067	0.03547
27.63675	-0.01005	0.03552
27.64433	-0.00943	0.0356
27.6519	-0.00881	0.03568
27.65947	-0.00819	0.03575
27.66705	-0.00757	0.03594
27.67462	-0.00695	0.03615
27.68219	-0.00633	0.03635
27.68977	-0.00571	0.0364
27.69734	-0.00509	0.03604
27.70492	-0.00447	0.03568
27.71249	-0.00385	0.03532
27.72006	-0.00323	0.03502
27.72764	-0.00261	0.03475
27.73521	-0.00199	0.03448
27.74278	-0.00137	0.03421
27.75036	-7.53625E-4	0.0342
27.75793	-1.3408E-4	0.03418
27.7655	4.85465E-4	0.03417
27.77308	0.00104	0.03418
27.78065	0.00156	0.03425
27.78823	0.00208	0.03432
27.7958	0.0026	0.03439
27.80337	0.00311	0.03445
27.81095	0.00363	0.03451
27.81852	0.00415	0.03457
27.82609	0.00466	0.03463
27.83367	0.00514	0.03479
27.84124	0.00563	0.03496
27.84881	0.00612	0.03512
27.85639	0.00661	0.03517
27.86396	0.00709	0.03511
27.87153	0.00758	0.03504
27.87911	0.00807	0.03498
27.88668	0.00856	0.03502
27.89426	0.00904	0.03507
27.90183	0.00953	0.03513
27.9094	0.01002	0.03516
27.91698	0.0105	0.0351
27.92455	0.0102	0.03504
27.93212	0.00912	0.03497
27.9397	0.00804	0.03494
27.94727	0.00696	0.03494
27.95484	0.00588	0.03493
27.96242	0.0048	0.03493
27.96999	0.00372	0.03495
27.97757	0.00264	0.03498
27.98514	0.00156	0.035
27.99271	4.80064E-4	0.03501
28.00029	-6.00072E-4	0.03495
28.00786	-0.00168	0.0349
28.01543	-0.00276	0.03485
28.02301	-0.00384	0.03493
28.03058	-0.00492	0.03509
28.03815	-0.006	0.03525
28.04573	-0.00708	0.0354
28.0533	-0.00816	0.03533
28.06087	-0.00924	0.03527
28.06845	-0.01095	0.0352
28.07602	-0.01281	0.03522
28.0836	-0.01467	0.03536
28.09117	-0.01653	0.0355
28.09874	-0.0184	0.03564
28.10632	-0.02026	0.03571
28.11389	-0.02212	0.03575
28.12146	-0.02398	0.03579
28.12904	-0.02585	0.03585
28.13661	-0.02771	0.03606
28.14418	-0.02957	0.03627
28.15176	-0.03143	0.03648
28.15933	-0.0333	0.03662
28.1669	-0.03516	0.03667
28.17448	-0.03702	0.03673
28.18205	-0.03888	0.03679
28.18963	-0.04075	0.03667
28.1972	-0.04093	0.03652
28.20477	-0.03983	0.03637
28.21235	-0.03873	0.03624
28.21992	-0.03764	0.03618
28.22749	-0.03654	0.03613
28.23507	-0.03545	0.03607
28.24264	-0.03435	0.03591
28.25021	-0.03325	0.03569
28.25779	-0.03216	0.03547
28.26536	-0.03106	0.03525
28.27294	-0.02997	0.03512
28.28051	-0.02887	0.03499
28.28808	-0.02777	0.03486
28.29566	-0.02668	0.03473
28.30323	-0.02558	0.03462
28.3108	-0.02449	0.03451
28.31838	-0.02339	0.0344
28.32595	-0.02229	0.03435
28.33352	-0.0212	0.03433
28.3411	-0.0201	0.0343
28.34867	-0.019	0.03428
28.35624	-0.01791	0.03434
28.36382	-0.01681	0.03439
28.37139	-0.01572	0.03445
28.37897	-0.01462	0.03449
28.38654	-0.01352	0.0345
28.39411	-0.01243	0.03451
28.40169	-0.01133	0.03452
28.40926	-0.01024	0.03445
28.41683	-0.00914	0.03436
28.42441	-0.00804	0.03427
28.43198	-0.00695	0.03417
28.43955	-0.00585	0.03403
28.44713	-0.00476	0.03388
28.4547	-0.00366	0.03374
28.46227	-0.00256	0.03373
28.46985	-0.00375	0.03386
28.47742	-0.01072	0.03399
28.485	-0.01768	0.03412
28.49257	-0.02376	0.03416
28.50014	-0.02272	0.03419
28.50772	-0.02167	0.03422
28.51529	-0.02063	0.0342
28.52286	-0.01995	0.03404
28.53044	-0.01929	0.03388
28.53801	-0.01863	0.03371
28.54558	-0.01797	0.03348
28.55316	-0.01731	0.03321
28.56073	-0.01665	0.03293
28.56831	-0.01599	0.03266
28.57588	-0.01533	0.03242
28.58345	-0.01467	0.03217
28.59103	-0.01401	0.03193
28.5986	-0.01336	0.03173
28.60617	-0.0127	0.03163
28.61375	-0.01204	0.03154
28.62132	-0.01138	0.03144
28.62889	-0.01072	0.03139
28.63647	-0.01006	0.03136
28.64404	-0.0094	0.03133
28.65161	-0.00874	0.0313
28.65919	-0.00808	0.03128
28.66676	-0.00742	0.03126
28.67434	-0.00676	0.03125
28.68191	-0.0061	0.03125
28.68948	-0.00545	0.03128
28.69706	-0.00479	0.0313
28.70463	-0.00413	0.03133
28.7122	-0.00347	0.03138
28.71978	-0.00281	0.03143
28.72735	-0.00215	0.03148
28.73492	-0.00149	0.03152
28.7425	-8.32063E-4	0.03149
28.75007	-1.72955E-4	0.03145
28.75765	5.49591E-4	0.03142
28.76522	0.00271	0.03137
28.77279	0.00486	0.03132
28.78037	0.00702	0.03127
28.78794	0.00917	0.03122
28.79551	0.01133	0.0314
28.80309	0.01349	0.03161
28.81066	0.01564	0.03182
28.81823	0.0178	0.032
28.82581	0.01996	0.0321
28.83338	0.02046	0.03219
28.84095	0.01869	0.03229
28.84853	0.01693	0.0323
28.8561	0.01516	0.03225
28.86368	0.01339	0.03221
28.87125	0.01163	0.03216
28.87882	0.00986	0.03198
28.8864	0.00809	0.0318
28.89397	0.00633	0.03161
28.90154	0.00456	0.03145
28.90912	0.00279	0.03134
28.91669	0.00103	0.03122
28.92426	-7.39378E-4	0.0311
28.93184	-0.00251	0.03104
28.93941	-0.00427	0.03099
28.94698	-0.00604	0.03095
28.95456	-0.00781	0.03091
28.96213	-0.00957	0.03089
28.96971	-0.01134	0.03087
28.97728	-0.01311	0.03086
28.98485	-0.01487	0.03096
28.99243	-0.02101	0.03122
29	-0.03166	0.03149
