2.5	0.08529	0.00543
2.50757	0.06995	0.00514
2.51515	0.05456	0.00487
2.52272	0.03896	0.0046
2.53029	0.02346	0.00449
2.53787	0.02874	0.00469
2.54544	0.0481	0.00495
2.55302	0.06877	0.00523
2.56059	0.02944	0.00495
2.56816	0.0119	0.00471
2.57574	0.00498	0.00453
2.58331	0.02725	0.00452
2.59088	0.01848	0.00471
2.59846	0.03682	0.00503
2.60603	0.03614	0.00525
2.6136	0.0092	0.005
2.62118	0.00351	0.00447
2.62875	0.00329	0.00389
2.63632	0.00307	0.00324
2.6439	0.00285	0.00329
2.65147	0.00263	0.0033
2.65905	0.00241	0.00311
2.66662	0.00219	0.00307
2.67419	0.00197	0.00299
2.68177	0.00175	0.00288
2.68934	0.00153	0.00276
2.69691	0.00131	0.00264
2.70449	0.01507	0.00247
2.71206	3.07806E-4	0.00222
2.71963	6.46297E-4	0.00198
2.72721	9.84787E-4	0.00188
2.73478	0.00132	0.00181
2.74235	0.00166	0.00177
2.74993	0.00261	0.00175
2.7575	0.02059	0.0018
2.76508	0.04386	0.00186
2.77265	0.06194	0.00191
2.78022	0.08014	0.00198
2.7878	0.10753	0.00206
2.79537	0.13654	0.00216
2.80294	0.18241	0.00229
2.81052	0.22212	0.00242
2.81809	0.27379	0.00259
2.82566	0.30829	0.00272
2.83324	0.3604	0.00293
2.84081	0.41382	0.0032
2.84839	0.46266	0.00347
2.85596	0.5357	0.00386
2.86353	0.57886	0.00427
2.87111	0.63297	0.0048
2.87868	0.72069	0.00556
2.88625	0.80192	0.00639
2.89383	0.90457	0.00766
2.9014	0.9671	0.00877
2.90897	1.02519	0.00992
2.91655	1.09355	0.01126
2.92412	1.1613	0.0127
2.93169	1.23286	0.01432
2.93927	1.29664	0.01596
2.94684	1.35746	0.01587
2.95442	1.35381	0.01441
2.96199	1.34738	0.01295
2.96956	1.40614	0.01275
2.97714	1.49797	0.01449
2.98471	1.51857	0.01532
2.99228	1.53905	0.01617
2.99986	1.56052	0.01666
3.00743	1.58622	0.01696
3.015	1.6551	0.01803
3.02258	1.69897	0.01869
3.03015	1.74901	0.0198
3.03773	1.79143	0.02083
3.0453	1.76693	0.02049
3.05287	1.79699	0.0212
3.06045	1.82782	0.02179
3.06802	1.87085	0.02267
3.07559	1.84722	0.02207
3.08317	1.82287	0.02276
3.09074	1.80985	0.02423
3.09831	1.78551	0.02536
3.10589	1.76286	0.02621
3.11346	1.74608	0.02358
3.12103	1.70107	0.02044
3.12861	1.65851	0.01762
3.13618	1.59815	0.01516
3.14376	1.53436	0.01343
3.15133	1.48211	0.01201
3.1589	1.46125	0.01105
3.16648	1.4179	0.00986
3.17405	1.34825	0.00851
3.18162	1.26724	0.00723
3.1892	1.20676	0.00626
3.19677	1.16011	0.00566
3.20434	1.14037	0.00525
3.21192	1.12253	0.00486
3.21949	1.0637	0.00446
3.22706	1.01624	0.00426
3.23464	0.96433	0.00406
3.24221	0.92672	0.00392
3.24979	0.90294	0.00365
3.25736	0.8778	0.00338
3.26493	0.82118	0.00302
3.27251	0.77792	0.00273
3.28008	0.74962	0.00252
3.28765	0.71987	0.00232
3.29523	0.67965	0.0021
3.3028	0.66021	0.00197
3.31037	0.64027	0.00186
3.31795	0.59348	0.00171
3.32552	0.5683	0.00161
3.3331	0.55239	0.00151
3.34067	0.52529	0.00141
3.34824	0.48682	0.00129
3.35582	0.46661	0.00122
3.36339	0.4529	0.00117
3.37096	0.43809	0.00113
3.37854	0.41572	0.00108
3.38611	0.40132	0.00108
3.39368	0.39692	0.0011
3.40126	0.39225	0.00112
3.40883	0.38445	0.00114
3.4164	0.37649	0.00116
3.42398	0.36385	0.00116
3.43155	0.35651	0.00118
3.43913	0.35147	0.00124
3.4467	0.34348	0.00136
3.45427	0.33584	0.00148
3.46185	0.33401	0.0016
3.46942	0.332	0.00154
3.47699	0.31195	0.00142
3.48457	0.29291	0.0013
3.49214	0.27908	0.0012
3.49971	0.26661	0.00113
3.50729	0.2591	0.00106
3.51486	0.2516	9.97079E-4
3.52243	0.24439	9.34577E-4
3.53001	0.24047	8.76535E-4
3.53758	0.2365	8.20484E-4
3.54516	0.2266	7.6029E-4
3.55273	0.2145	7.31568E-4
3.5603	0.20539	7.10328E-4
3.56788	0.19634	6.89613E-4
3.57545	0.17905	6.64901E-4
3.58302	0.16753	6.46644E-4
3.5906	0.16606	6.35232E-4
3.59817	0.16464	6.2495E-4
3.60574	0.16316	6.148E-4
3.61332	0.16119	6.06379E-4
3.62089	0.15803	5.96439E-4
3.62847	0.15484	5.86619E-4
3.63604	0.15162	5.76909E-4
3.64361	0.14707	5.6568E-4
3.65119	0.13674	5.52316E-4
3.65876	0.12586	5.3625E-4
3.66633	0.11169	5.16218E-4
3.67391	0.10422	4.99226E-4
3.68148	0.10008	4.84237E-4
3.68905	0.09592	4.74593E-4
3.69663	0.0924	4.67969E-4
3.7042	0.09158	4.6187E-4
3.71177	0.09076	4.55796E-4
3.71935	0.08992	4.47327E-4
3.72692	0.08902	4.38887E-4
3.7345	0.08559	4.29476E-4
3.74207	0.08056	4.21176E-4
3.74964	0.0758	4.1552E-4
3.75722	0.09541	4.20085E-4
3.76479	0.08821	4.13459E-4
3.77236	0.08054	4.05956E-4
3.77994	0.07296	3.97834E-4
3.78751	0.0653	3.89827E-4
3.79508	0.05832	3.82212E-4
3.80266	0.05286	3.74565E-4
3.81023	0.04738	3.67763E-4
3.81781	0.04188	3.60345E-4
3.82538	0.0374	3.54136E-4
3.83295	0.03344	3.48939E-4
3.84053	0.02946	3.44531E-4
3.8481	0.02554	3.39503E-4
3.85567	0.02422	3.36106E-4
3.86325	0.02292	3.32067E-4
3.87082	0.02157	3.28745E-4
3.87839	0.02021	3.25467E-4
3.88597	0.01879	3.22204E-4
3.89354	0.01295	3.17571E-4
3.90111	0.00631	3.12745E-4
3.90869	0.00158	3.07238E-4
3.91626	0.00225	3.04099E-4
3.92384	0.00296	3.00328E-4
3.93141	0.00363	2.9659E-4
3.93898	0.00429	2.95552E-4
3.94656	0.00487	2.93861E-4
3.95413	9.75725E-4	2.90776E-4
3.9617	8.34879E-4	2.87674E-4
3.96928	6.94034E-4	2.8498E-4
3.97685	0.00263	2.82866E-4
3.98442	0.00775	2.82373E-4
3.992	0.01247	4.57695E-4
3.99957	0.00997	6.92509E-4
4.00714	0.00738	9.2546E-4
4.01472	0.00477	0.00113
4.02229	0.00228	0.00113
4.02987	0.01089	0.00114
4.03744	0.01108	0.00113
4.04501	0.00246	0.00112
4.05259	0.00203	0.00111
4.06016	0.00161	0.0011
4.06773	0.00118	0.00111
4.07531	7.49983E-4	0.0011
4.08288	0.00201	0.00109
4.09045	0.00512	0.00107
4.09803	0.00129	0.00105
4.1056	0.00108	0.00109
4.11318	0.01431	0.00114
4.12075	0.02847	0.00119
4.12832	0.02076	0.0012
4.1359	0.00946	0.0012
4.14347	0.00167	0.0012
4.15104	0.00192	0.0012
4.15862	0.00216	0.00117
4.16619	0.00241	0.00113
4.17376	0.00266	0.00109
4.18134	0.00291	0.00105
4.18891	0.00316	0.00101
4.19648	0.00341	9.68494E-4
4.20406	0.00366	9.53684E-4
4.21163	0.01454	9.87861E-4
4.21921	0.07926	0.00111
4.22678	0.13715	0.00123
4.23435	0.29969	0.00164
4.24193	0.62804	0.00542
4.2495	0.9737	0.01199
4.25707	1.41809	0.02604
4.26465	2.1681	0.05808
4.27222	1.58452	0.02434
4.27979	0.97799	0.00822
4.28737	0.46134	0.0023
4.29494	0.19055	0.00105
4.30252	0.11497	8.93441E-4
4.31009	0.08782	7.75999E-4
4.31766	0.07789	6.90824E-4
4.32524	0.0655	6.70603E-4
4.33281	0.0635	6.5873E-4
4.34038	0.05732	6.43581E-4
4.34796	0.063	6.37552E-4
4.35553	0.04523	6.18944E-4
4.3631	0.05399	6.16541E-4
4.37068	0.03527	5.97473E-4
4.37825	0.07285	6.13558E-4
4.38582	0.08739	6.16279E-4
4.3934	0.08633	6.08922E-4
4.40097	0.06963	5.92831E-4
4.40855	0.07248	5.8965E-4
4.41612	0.08073	5.9022E-4
4.42369	0.06458	5.76114E-4
4.43127	0.06191	5.7313E-4
4.43884	0.06548	5.76568E-4
4.44641	0.08062	5.86213E-4
4.45399	0.08596	5.90274E-4
4.46156	0.08884	6.00124E-4
4.46913	0.11948	6.27234E-4
4.47671	0.10171	6.24334E-4
4.48428	0.11732	6.39424E-4
4.49185	0.09762	6.25626E-4
4.49943	0.09861	6.24732E-4
4.507	0.07921	6.11518E-4
4.51458	0.09254	6.26463E-4
4.52215	0.11452	6.50705E-4
4.52972	0.10869	6.57168E-4
4.5373	0.09297	6.57514E-4
4.54487	0.09756	6.73249E-4
4.55244	0.11409	6.97909E-4
4.56002	0.10004	7.00669E-4
4.56759	0.10437	7.10883E-4
4.57516	0.08462	6.95463E-4
4.58274	0.08279	6.92531E-4
4.59031	0.1006	7.03385E-4
4.59789	0.09822	7.00658E-4
4.60546	0.12472	7.18384E-4
4.61303	0.13232	7.22848E-4
4.62061	0.10677	7.00396E-4
4.62818	0.11887	6.87752E-4
4.63575	0.08313	6.42711E-4
4.64333	0.05051	6.02193E-4
4.6509	0.07733	6.31843E-4
4.65847	0.04737	6.55685E-4
4.66605	0.13889	7.66595E-4
4.67362	0.29289	9.46887E-4
4.68119	0.20202	8.16484E-4
4.68877	0.09649	6.74574E-4
4.69634	0.07559	6.03143E-4
4.70392	0.08253	5.62519E-4
4.71149	0.08649	5.61776E-4
4.71906	0.07177	5.51272E-4
4.72664	0.0667	5.46418E-4
4.73421	0.0662	5.48116E-4
4.74178	0.05195	5.45569E-4
4.74936	0.08214	5.67799E-4
4.75693	0.07742	5.70148E-4
4.7645	0.079	5.65785E-4
4.77208	0.05656	5.46898E-4
4.77965	0.04222	5.33386E-4
4.78722	0.06172	5.4159E-4
4.7948	0.05868	5.44985E-4
4.80237	0.07561	5.59669E-4
4.80995	0.06206	5.56639E-4
4.81752	0.05861	5.51054E-4
4.82509	0.06219	5.44936E-4
4.83267	0.07624	5.44434E-4
4.84024	0.07812	5.373E-4
4.84781	0.06636	5.22975E-4
4.85539	0.0883	5.25972E-4
4.86296	0.06766	5.07226E-4
4.87053	0.06324	4.94736E-4
4.87811	0.06663	4.83943E-4
4.88568	0.05475	4.6586E-4
4.89326	0.04189	4.48015E-4
4.90083	0.08833	4.64645E-4
4.9084	0.06555	4.52537E-4
4.91598	0.05232	4.45003E-4
4.92355	0.07151	4.49997E-4
4.93112	0.06617	4.37032E-4
4.9387	0.05964	4.23466E-4
4.94627	0.05332	4.10339E-4
4.95384	0.04694	4.00387E-4
4.96142	0.04059	3.93283E-4
4.96899	0.03421	3.85905E-4
4.97656	0.02782	3.79E-4
4.98414	0.02259	3.71901E-4
4.99171	0.0216	3.6512E-4
4.99929	0.02061	3.5834E-4
5.00686	0.01598	3.54825E-4
5.01443	0.01131	3.5735E-4
5.02201	0.00721	3.60241E-4
5.02958	0.00693	3.64411E-4
5.03715	0.00671	3.67379E-4
5.04473	0.00646	3.69889E-4
5.0523	0.00622	3.72394E-4
5.05987	0.00597	3.74856E-4
5.06745	0.00571	3.76546E-4
5.07502	0.00535	3.78549E-4
5.0826	0.00441	3.79908E-4
5.09017	0.00345	3.79571E-4
5.09774	0.0025	3.76114E-4
5.10532	0.00153	3.72566E-4
5.11289	6.07717E-4	3.69624E-4
5.12046	4.93188E-4	3.71642E-4
5.12804	4.80634E-4	3.73724E-4
5.13561	4.6808E-4	3.75885E-4
5.14318	4.55526E-4	3.80528E-4
5.15076	4.42972E-4	3.77384E-4
5.15833	4.30418E-4	3.74385E-4
5.1659	4.17864E-4	3.71145E-4
5.17348	4.0531E-4	3.71711E-4
5.18105	3.92756E-4	3.76278E-4
5.18863	3.80202E-4	3.7778E-4
5.1962	3.67648E-4	3.82775E-4
5.20377	3.55094E-4	4.00415E-4
5.21135	3.4254E-4	4.21305E-4
5.21892	3.29986E-4	4.42215E-4
5.22649	3.17432E-4	4.58385E-4
5.23407	3.04878E-4	4.52684E-4
5.24164	2.92324E-4	4.4661E-4
5.24921	2.7977E-4	4.40318E-4
5.25679	2.67216E-4	4.32849E-4
5.26436	2.54662E-4	4.24634E-4
5.27193	2.42108E-4	4.16047E-4
5.27951	2.29554E-4	4.0794E-4
5.28708	2.17E-4	4.04429E-4
5.29466	2.04446E-4	4.02436E-4
5.30223	1.91892E-4	4.00318E-4
5.3098	7.41916E-4	3.98164E-4
5.31738	0.00299	3.94916E-4
5.32495	0.00517	3.91604E-4
5.33252	0.00489	3.87316E-4
5.3401	0.00392	3.81278E-4
5.34767	0.00294	3.74493E-4
5.35524	0.00195	3.67726E-4
5.36282	9.5363E-4	3.61431E-4
5.37039	5.65817E-4	3.57196E-4
5.37797	0.00353	3.546E-4
5.38554	0.00657	3.52024E-4
5.39311	0.00959	3.50261E-4
5.40069	0.01263	3.51062E-4
5.40826	0.01556	3.51891E-4
5.41583	0.01919	3.5263E-4
5.42341	0.02645	3.5576E-4
5.43098	0.00216	3.44505E-4
5.43855	0.00156	3.46476E-4
5.44613	9.59805E-4	3.47855E-4
5.4537	0.0021	3.41567E-4
5.46127	0.0058	3.3548E-4
5.46885	0.0091	3.29345E-4
5.47642	0.00261	3.22428E-4
5.484	0.00253	3.18279E-4
5.49157	0.00245	3.15654E-4
5.49914	0.00237	3.13401E-4
5.50672	0.00229	3.12921E-4
5.51429	0.00221	3.12823E-4
5.52186	0.00213	3.12746E-4
5.52944	0.00205	3.13195E-4
5.53701	0.00197	3.12767E-4
5.54458	0.00189	3.12332E-4
5.55216	0.00181	3.11843E-4
5.55973	0.00173	3.08779E-4
5.5673	0.00165	3.04183E-4
5.57488	0.00157	2.99585E-4
5.58245	0.00149	2.95368E-4
5.59003	0.00141	2.91887E-4
5.5976	0.00133	2.88424E-4
5.60517	0.00125	2.84974E-4
5.61275	0.00117	2.82877E-4
5.62032	0.00418	2.83184E-4
5.62789	0.00961	2.83235E-4
5.63547	0.015	2.83615E-4
5.64304	0.02041	2.84376E-4
5.65061	0.02575	2.85477E-4
5.65819	0.02927	2.86072E-4
5.66576	0.03249	2.86591E-4
5.67334	0.03576	2.87489E-4
5.68091	0.03896	2.8874E-4
5.68848	0.03724	2.88194E-4
5.69606	0.03494	2.8596E-4
5.70363	0.03318	2.8108E-4
5.7112	0.03793	2.78282E-4
5.71878	0.04279	2.75301E-4
5.72635	0.04759	2.7614E-4
5.73392	0.05243	2.78595E-4
5.7415	0.05894	2.81883E-4
5.74907	0.06657	2.84805E-4
5.75664	0.07422	2.87364E-4
5.76422	0.08184	2.89561E-4
5.77179	0.0892	2.91665E-4
5.77937	0.09644	2.92625E-4
5.78694	0.10197	2.91549E-4
5.79451	0.10039	2.88701E-4
5.80209	0.09862	2.85601E-4
5.80966	0.09684	2.86572E-4
5.81723	0.09544	2.88509E-4
5.82481	0.10768	2.94759E-4
5.83238	0.12619	3.02265E-4
5.83995	0.13884	3.07313E-4
5.84753	0.14723	3.11146E-4
5.8551	0.15402	3.14833E-4
5.86268	0.1608	3.14951E-4
5.87025	0.16742	3.12986E-4
5.87782	0.16949	3.0953E-4
5.8854	0.17035	3.05748E-4
5.89297	0.17121	3.03972E-4
5.90054	0.17209	3.02618E-4
5.90812	0.17293	3.00873E-4
5.91569	0.17398	2.99596E-4
5.92326	0.18339	3.01221E-4
5.93084	0.19394	3.03218E-4
5.93841	0.20433	3.05151E-4
5.94598	0.20738	3.03621E-4
5.95356	0.20434	2.99827E-4
5.96113	0.20112	2.95994E-4
5.96871	0.19794	2.92268E-4
5.97628	0.19473	2.90506E-4
5.98385	0.19153	2.88836E-4
5.99143	0.1882	2.87145E-4
5.999	0.18564	2.86478E-4
6.00657	0.20102	2.914E-4
6.01415	0.20985	2.94484E-4
6.02172	0.21388	2.96611E-4
6.02929	0.2178	2.99512E-4
6.03687	0.22185	3.02497E-4
6.04444	0.23476	3.08646E-4
6.05201	0.24719	3.14238E-4
6.05959	0.23619	3.09664E-4
6.06716	0.22459	3.04906E-4
6.07474	0.21311	3.0028E-4
6.08231	0.20269	2.96415E-4
6.08988	0.19243	2.92656E-4
6.09746	0.18273	2.8873E-4
6.10503	0.18094	2.87496E-4
6.1126	0.17947	2.86758E-4
6.12018	0.17794	2.86015E-4
6.12775	0.17642	2.85268E-4
6.13532	0.17488	2.83346E-4
6.1429	0.17335	2.77105E-4
6.15047	0.17181	2.70833E-4
6.15805	0.17027	2.65065E-4
6.16562	0.16867	2.624E-4
6.17319	0.16561	2.61308E-4
6.18077	0.1625	2.60625E-4
6.18834	0.1594	2.59919E-4
6.19591	0.15629	2.57324E-4
6.20349	0.15318	2.54349E-4
6.21106	0.15007	2.51389E-4
6.21863	0.14695	2.47658E-4
6.22621	0.14452	2.42681E-4
6.23378	0.14325	2.3795E-4
6.24135	0.142	2.33292E-4
6.24893	0.14074	2.30507E-4
6.2565	0.1395	2.28836E-4
6.26408	0.13821	2.26836E-4
6.27165	0.13389	2.24522E-4
6.27922	0.12597	2.21806E-4
6.2868	0.11795	2.1945E-4
6.29437	0.10996	2.16773E-4
6.30194	0.1045	2.14679E-4
6.30952	0.10243	2.13668E-4
6.31709	0.10044	2.12688E-4
6.32466	0.09843	2.11722E-4
6.33224	0.09642	2.11094E-4
6.33981	0.09442	2.10488E-4
6.34738	0.09299	2.10349E-4
6.35496	0.09193	2.09919E-4
6.36253	0.09087	2.08474E-4
6.37011	0.0898	2.07343E-4
6.37768	0.08877	2.05962E-4
6.38525	0.09002	2.07058E-4
6.39283	0.09666	2.10734E-4
6.4004	0.10339	2.1485E-4
6.40797	0.11007	2.18533E-4
6.41555	0.11685	2.18101E-4
6.42312	0.12635	2.17444E-4
6.43069	0.13279	2.16114E-4
6.43827	0.1299	2.13483E-4
6.44584	0.12679	2.12993E-4
6.45342	0.1237	2.1219E-4
6.46099	0.1206	2.11726E-4
6.46856	0.11742	2.12688E-4
6.47614	0.11473	2.14782E-4
6.48371	0.12509	2.19776E-4
6.49128	0.13368	2.2434E-4
6.49886	0.12884	2.2028E-4
6.50643	0.12371	2.16043E-4
6.514	0.11868	2.11593E-4
6.52158	0.11364	2.08633E-4
6.52915	0.10854	2.07723E-4
6.53672	0.10357	2.06896E-4
6.5443	0.10475	2.07003E-4
6.55187	0.10764	2.08137E-4
6.55945	0.11052	2.09299E-4
6.56702	0.1134	2.10461E-4
6.57459	0.11627	2.11619E-4
6.58217	0.11915	2.12436E-4
6.58974	0.12241	2.12986E-4
6.59731	0.12588	2.13585E-4
6.60489	0.12934	2.14926E-4
6.61246	0.13281	2.17638E-4
6.62003	0.13626	2.20081E-4
6.62761	0.13971	2.22744E-4
6.63518	0.14315	2.22003E-4
6.64276	0.14205	2.19088E-4
6.65033	0.12739	2.13614E-4
6.6579	0.12797	2.12233E-4
6.66548	0.1293	2.13745E-4
6.67305	0.13049	2.15655E-4
6.68062	0.1317	2.17559E-4
6.6882	0.13289	2.19481E-4
6.69577	0.13408	2.22099E-4
6.70334	0.13528	2.24759E-4
6.71092	0.13643	2.27325E-4
6.71849	0.13594	2.27126E-4
6.72606	0.13404	2.26545E-4
6.73364	0.13212	2.25636E-4
6.74121	0.1302	2.24716E-4
6.74879	0.12829	2.24151E-4
6.75636	0.12631	2.23232E-4
6.76393	0.12447	2.22358E-4
6.77151	0.12855	2.23827E-4
6.77908	0.13429	2.26163E-4
6.78665	0.14008	2.28538E-4
6.79423	0.14565	2.31709E-4
6.8018	0.14446	2.78991E-4
6.80937	0.14311	3.27213E-4
6.81695	0.14182	3.74688E-4
6.82452	0.14051	4.02962E-4
6.83209	0.1392	3.99852E-4
6.83967	0.13789	3.95739E-4
6.84724	0.13657	3.91838E-4
6.85482	0.13523	3.8687E-4
6.86239	0.13282	3.80839E-4
6.86996	0.12766	3.74124E-4
6.87754	0.12244	3.67474E-4
6.88511	0.11724	3.60873E-4
6.89268	0.112	3.54E-4
6.90026	0.10689	3.47612E-4
6.90783	0.10791	3.45414E-4
6.9154	0.11459	3.47193E-4
6.92298	0.12139	3.49405E-4
6.93055	0.12816	3.51297E-4
6.93813	0.13498	3.5354E-4
6.9457	0.14166	3.55764E-4
6.95327	0.13966	3.54917E-4
6.96085	0.13436	3.52107E-4
6.96842	0.12325	3.43644E-4
6.97599	0.10429	3.32615E-4
6.98357	0.10441	3.28163E-4
6.99114	0.10531	3.25904E-4
6.99871	0.10603	3.24656E-4
7.00629	0.10677	3.23739E-4
7.01386	0.10749	3.2287E-4
7.02143	0.10822	3.23304E-4
7.02901	0.10889	3.23427E-4
7.03658	0.10977	3.2393E-4
7.04416	0.11036	3.24358E-4
7.05173	0.0909	3.18015E-4
7.0593	0.08798	3.17316E-4
7.06688	0.08586	3.16857E-4
7.07445	0.08355	3.14365E-4
7.08202	0.08126	3.10602E-4
7.0896	0.07895	3.06793E-4
7.09717	0.07665	3.03437E-4
7.10474	0.07431	3.06492E-4
7.11232	0.0721	3.09719E-4
7.11989	0.07334	3.1395E-4
7.12746	0.07551	3.17156E-4
7.13504	0.07767	3.18774E-4
7.14261	0.07983	3.20054E-4
7.15019	0.08198	3.21638E-4
7.15776	0.08415	3.22273E-4
7.16533	0.08625	3.22549E-4
7.17291	0.08618	3.22123E-4
7.18048	0.08383	3.20616E-4
7.18805	0.08144	3.1815E-4
7.19563	0.07906	3.15357E-4
7.2032	0.07667	3.12567E-4
7.21077	0.07427	3.09805E-4
7.21835	0.07187	3.07359E-4
7.22592	0.06946	3.04607E-4
7.2335	0.06705	3.02274E-4
7.24107	0.06464	3.02722E-4
7.24864	0.06291	3.04097E-4
7.25622	0.0616	3.05581E-4
7.26379	0.06029	3.05723E-4
7.27136	0.05897	3.02449E-4
7.27894	0.05765	2.99114E-4
7.28651	0.05632	2.95779E-4
7.29408	0.05498	2.9215E-4
7.30166	0.05365	2.88848E-4
7.30923	0.05229	2.85504E-4
7.3168	0.05096	2.82015E-4
7.32438	0.05049	2.83055E-4
7.33195	0.05015	2.84548E-4
7.33953	0.0498	2.85987E-4
7.3471	0.04944	2.86209E-4
7.35467	0.04908	2.84809E-4
7.36225	0.04871	2.83104E-4
7.36982	0.04833	2.81378E-4
7.37739	0.04795	2.78716E-4
7.38497	0.04756	2.7574E-4
7.39254	0.04726	2.72778E-4
7.40011	0.04801	2.70458E-4
7.40769	0.04878	2.7095E-4
7.41526	0.04953	2.71794E-4
7.42284	0.05028	2.72322E-4
7.43041	0.05103	2.72173E-4
7.43798	0.05177	2.70512E-4
7.44556	0.0525	2.68772E-4
7.45313	0.05269	2.66659E-4
7.4607	0.05099	2.67766E-4
7.46828	0.04922	2.70154E-4
7.47585	0.04747	2.72256E-4
7.48342	0.0457	2.73582E-4
7.491	0.04394	2.70711E-4
7.49857	0.04216	2.67378E-4
7.50614	0.04038	2.64112E-4
7.51372	0.03858	2.62706E-4
7.52129	0.03682	2.6287E-4
7.52887	0.03738	2.63669E-4
7.53644	0.0394	2.64927E-4
7.54401	0.04145	2.68298E-4
7.55159	0.04347	2.7236E-4
7.55916	0.0455	2.76128E-4
7.56673	0.04751	2.79247E-4
7.57431	0.04952	2.80839E-4
7.58188	0.05129	2.8202E-4
7.58945	0.04984	2.82293E-4
7.59703	0.04826	2.82538E-4
7.6046	0.0467	2.83098E-4
7.61217	0.04513	2.83672E-4
7.61975	0.04356	2.84203E-4
7.62732	0.04198	2.83515E-4
7.6349	0.04039	2.82805E-4
7.64247	0.0388	2.82094E-4
7.65004	0.0372	2.81392E-4
7.65762	0.0356	2.81635E-4
7.66519	0.03459	2.82046E-4
7.67276	0.03368	2.82174E-4
7.68034	0.03277	2.81669E-4
7.68791	0.03185	2.80539E-4
7.69548	0.03093	2.79103E-4
7.70306	0.02999	2.78309E-4
7.71063	0.02905	2.79975E-4
7.71821	0.02811	2.81692E-4
7.72578	0.02715	2.83386E-4
7.73335	0.02616	2.84757E-4
7.74093	0.02344	2.85311E-4
7.7485	0.01941	2.85212E-4
7.75607	0.01535	2.85325E-4
7.76365	0.01129	2.82164E-4
7.77122	0.00721	2.7832E-4
7.77879	0.00314	2.74223E-4
7.78637	4.03373E-5	2.71111E-4
7.79394	5.32009E-5	2.70364E-4
7.80151	6.60646E-5	2.70811E-4
7.80909	7.89282E-5	2.70836E-4
7.81666	9.17919E-5	2.70861E-4
7.82424	1.04656E-4	2.70862E-4
7.83181	1.17519E-4	2.70763E-4
7.83938	1.30383E-4	2.70665E-4
7.84696	1.43246E-4	2.7263E-4
7.85453	1.5611E-4	2.77727E-4
7.8621	1.68974E-4	2.82824E-4
7.86968	1.81837E-4	2.86593E-4
7.87725	1.94701E-4	2.89458E-4
7.88482	2.07565E-4	2.92323E-4
7.8924	8.12173E-4	2.94858E-4
7.89997	0.00157	2.97305E-4
7.90755	0.00233	2.99753E-4
7.91512	0.00308	3.02257E-4
7.92269	0.00384	3.04761E-4
7.93027	0.00458	3.07336E-4
7.93784	0.00532	3.10217E-4
7.94541	0.00605	3.13097E-4
7.95299	0.00708	3.15374E-4
7.96056	0.00858	3.16698E-4
7.96813	0.01009	3.18022E-4
7.97571	0.0117	3.20083E-4
7.98328	0.01341	3.22665E-4
7.99085	0.01511	3.25248E-4
7.99843	0.01712	3.28855E-4
8.006	0.01922	3.32743E-4
8.01358	0.02132	3.36632E-4
8.02115	0.02871	3.4294E-4
8.02872	0.0362	3.4929E-4
8.0363	0.04252	3.54999E-4
8.04387	0.04356	3.57803E-4
8.05144	0.04461	3.60607E-4
8.05902	0.04821	3.6385E-4
8.06659	0.05598	3.67814E-4
8.07416	0.06376	3.71778E-4
8.08174	0.07057	3.75502E-4
8.08931	0.07668	3.7905E-4
8.09688	0.08279	3.82598E-4
8.10446	0.08722	3.85629E-4
8.11203	0.09118	3.88509E-4
8.11961	0.09513	3.9139E-4
8.12718	0.09949	3.94208E-4
8.13475	0.10386	3.97025E-4
8.14233	0.10865	4.00313E-4
8.1499	0.11546	4.05875E-4
8.15747	0.12228	4.11437E-4
8.16505	0.12898	4.17137E-4
8.17262	0.13548	4.23074E-4
8.18019	0.14198	4.2901E-4
8.18777	0.1467	4.33664E-4
8.19534	0.15006	4.37342E-4
8.20292	0.15342	4.41021E-4
8.21049	0.15585	4.4177E-4
8.21806	0.15799	4.41626E-4
8.22564	0.16013	4.41482E-4
8.23321	0.16282	4.43656E-4
8.24078	0.16552	4.45915E-4
8.24836	0.16851	4.48645E-4
8.25593	0.17294	4.53801E-4
8.2635	0.17738	4.58957E-4
8.27108	0.18163	4.64156E-4
8.27865	0.18555	4.69433E-4
8.28622	0.18947	4.74709E-4
8.2938	0.19302	4.79176E-4
8.30137	0.19627	4.83005E-4
8.30895	0.19951	4.86834E-4
8.31652	0.20782	4.92982E-4
8.32409	0.21774	4.99874E-4
8.33167	0.22766	5.06765E-4
8.33924	0.23246	5.11117E-4
8.34681	0.23702	5.1535E-4
8.35439	0.24187	5.19983E-4
8.36196	0.2483	5.26816E-4
8.36953	0.25473	5.33648E-4
8.37711	0.26168	5.41149E-4
8.38468	0.2696	5.49881E-4
8.39225	0.27751	5.58613E-4
8.39983	0.28479	5.65555E-4
8.4074	0.29156	5.71034E-4
8.41498	0.29833	5.76512E-4
8.42255	0.30632	5.82992E-4
8.43012	0.31472	5.89809E-4
8.4377	0.32313	5.96625E-4
8.44527	0.3314	6.02334E-4
8.45284	0.33966	6.07981E-4
8.46042	0.34761	6.13226E-4
8.46799	0.35364	6.16096E-4
8.47556	0.35968	6.18966E-4
8.48314	0.36514	6.20838E-4
8.49071	0.36949	6.20795E-4
8.49829	0.37384	6.20753E-4
8.50586	0.37853	6.22404E-4
8.51343	0.38351	6.25491E-4
8.52101	0.38848	6.28579E-4
8.52858	0.39417	6.32707E-4
8.53615	0.40011	6.37203E-4
8.54373	0.40605	6.41699E-4
8.5513	0.41284	6.50071E-4
8.55887	0.41969	6.58702E-4
8.56645	0.42694	6.6803E-4
8.57402	0.43673	6.81798E-4
8.58159	0.44651	6.95566E-4
8.58917	0.45562	7.06412E-4
8.59674	0.46337	7.11427E-4
8.60432	0.47112	7.16443E-4
8.61189	0.4782	7.24478E-4
8.61946	0.48468	7.3517E-4
8.62704	0.49116	7.45861E-4
8.63461	0.49905	7.62037E-4
8.64218	0.50747	7.80238E-4
8.64976	0.51589	7.98439E-4
8.65733	0.52462	8.19342E-4
8.6649	0.53338	8.40453E-4
8.67248	0.54252	8.61432E-4
8.68005	0.55428	8.81498E-4
8.68763	0.56605	9.01564E-4
8.6952	0.57631	9.23711E-4
8.70277	0.58343	9.50179E-4
8.71035	0.59056	9.76648E-4
8.71792	0.59657	9.97267E-4
8.72549	0.60156	0.00101
8.73307	0.60655	0.00103
8.74064	0.61168	0.00104
8.74821	0.61686	0.00105
8.75579	0.62204	0.00106
8.76336	0.62743	0.00108
8.77093	0.63283	0.00109
8.77851	0.63925	0.00111
8.78608	0.65331	0.00115
8.79366	0.66737	0.00118
8.80123	0.68129	0.00122
8.8088	0.69495	0.00125
8.81638	0.7086	0.00128
8.82395	0.71808	0.0013
8.83152	0.72362	0.00132
8.8391	0.72916	0.00134
8.84667	0.74094	0.00138
8.85424	0.75524	0.00141
8.86182	0.76954	0.00145
8.86939	0.78399	0.00148
8.87696	0.79845	0.00152
8.88454	0.81244	0.00156
8.89211	0.8225	0.00158
8.89969	0.83256	0.00161
8.90726	0.84179	0.00163
8.91483	0.84911	0.00165
8.92241	0.85643	0.00166
8.92998	0.86345	0.00168
8.93755	0.87018	0.0017
8.94513	0.87691	0.00172
8.9527	0.88484	0.00174
8.96027	0.89327	0.00176
8.96785	0.90171	0.00178
8.97542	0.91064	0.00178
8.983	0.91964	0.00179
8.99057	0.9292	0.00179
8.99814	0.94392	0.00185
9.00572	0.95865	0.0019
9.01329	0.97022	0.00195
9.02086	0.97438	0.00199
9.02844	0.97853	0.00203
9.03601	0.99044	0.00207
9.04358	1.01023	0.00212
9.05116	1.03001	0.00216
9.05873	1.03874	0.00217
9.0663	1.04262	0.00217
9.07388	1.04649	0.00216
9.08145	1.05141	0.00218
9.08903	1.05646	0.0022
9.0966	1.06188	0.00222
9.10417	1.07107	0.00225
9.11175	1.08027	0.00228
9.11932	1.08784	0.00231
9.12689	1.09144	0.00233
9.13447	1.09504	0.00234
9.14204	1.09853	0.00236
9.14961	1.1019	0.00238
9.15719	1.10527	0.00241
9.16476	1.1087	0.0024
9.17233	1.11215	0.00237
9.17991	1.1156	0.00234
9.18748	1.12028	0.00238
9.19506	1.12512	0.00242
9.20263	1.13087	0.00247
9.2102	1.14689	0.00257
9.21778	1.1629	0.00268
9.22535	1.17641	0.00276
9.23292	1.18348	0.0028
9.2405	1.19056	0.00284
9.24807	1.19833	0.00287
9.25564	1.20687	0.00291
9.26322	1.2154	0.00294
9.27079	1.22484	0.00299
9.27837	1.23472	0.00306
9.28594	1.2446	0.00313
9.29351	1.25791	0.00322
9.30109	1.27171	0.0033
9.30866	1.28528	0.00339
9.31623	1.29586	0.00346
9.32381	1.30644	0.00353
9.33138	1.31401	0.00358
9.33895	1.31345	0.00356
9.34653	1.3129	0.00355
9.3541	1.31204	0.00355
9.36167	1.31084	0.00354
9.36925	1.30964	0.00354
9.37682	1.30845	0.00354
9.3844	1.30727	0.00354
9.39197	1.30608	0.00353
9.39954	1.30488	0.00353
9.40712	1.30367	0.00352
9.41469	1.30289	0.00351
9.42226	1.30844	0.00354
9.42984	1.31399	0.00357
9.43741	1.31973	0.00361
9.44498	1.32596	0.0037
9.45256	1.3322	0.0038
9.46013	1.33752	0.00388
9.46771	1.34177	0.00396
9.47528	1.34602	0.00404
9.48285	1.3504	0.00409
9.49043	1.35485	0.00413
9.498	1.3593	0.00417
9.50557	1.36392	0.00416
9.51315	1.36858	0.00414
9.52072	1.37316	0.00412
9.52829	1.37633	0.00412
9.53587	1.37951	0.00413
9.54344	1.38263	0.00413
9.55101	1.38559	0.00414
9.55859	1.38856	0.00415
9.56616	1.39154	0.00418
9.57374	1.39454	0.00424
9.58131	1.39754	0.0043
9.58888	1.40136	0.00439
9.59646	1.40562	0.00449
9.60403	1.40988	0.00459
9.6116	1.41308	0.0045
9.61918	1.41609	0.00439
9.62675	1.41882	0.00428
9.63432	1.41565	0.00439
9.6419	1.41248	0.0045
9.64947	1.40972	0.00458
9.65704	1.40823	0.00456
9.66462	1.40673	0.00454
9.67219	1.40522	0.00448
9.67977	1.4037	0.00437
9.68734	1.40217	0.00425
9.69491	1.40066	0.00422
9.70249	1.39916	0.00424
9.71006	1.39766	0.00426
9.71763	1.39967	0.00421
9.72521	1.40235	0.00415
9.73278	1.40508	0.0041
9.74035	1.40879	0.00414
9.74793	1.4125	0.00418
9.7555	1.41556	0.00422
9.76308	1.4165	0.00425
9.77065	1.41744	0.00427
9.77822	1.41509	0.00424
9.7858	1.40843	0.00413
9.79337	1.40176	0.00402
9.80094	1.39568	0.00396
9.80852	1.38993	0.00394
9.81609	1.38419	0.00391
9.82366	1.38244	0.00384
9.83124	1.38151	0.00376
9.83881	1.38057	0.00367
9.84638	1.37956	0.00364
9.85396	1.37855	0.0036
9.86153	1.37754	0.00358
9.86911	1.37653	0.00363
9.87668	1.37553	0.00367
9.88425	1.3744	0.00372
9.89183	1.37313	0.00378
9.8994	1.37185	0.00384
9.90697	1.36845	0.00383
9.91455	1.36377	0.00378
9.92212	1.3591	0.00373
9.92969	1.35431	0.00368
9.93727	1.3495	0.00364
9.94484	1.34469	0.00359
9.95241	1.33989	0.00356
9.95999	1.33508	0.00352
9.96756	1.33083	0.00349
9.97514	1.32861	0.00345
9.98271	1.32639	0.0034
9.99028	1.32422	0.00337
9.99786	1.32213	0.00334
10.00543	1.32004	0.00331
10.013	1.31795	0.00329
10.02058	1.31586	0.00329
10.02815	1.31376	0.00329
10.03572	1.31156	0.00328
10.0433	1.30933	0.00327
10.05087	1.3071	0.00326
10.05845	1.30455	0.00322
10.06602	1.30199	0.00318
10.07359	1.29943	0.00314
10.08117	1.29681	0.00309
10.08874	1.2942	0.00304
10.09631	1.29006	0.003
10.10389	1.2837	0.00297
10.11146	1.27733	0.00295
10.11903	1.2704	0.00291
10.12661	1.2631	0.00287
10.13418	1.25581	0.00283
10.14175	1.24941	0.00278
10.14933	1.24324	0.00272
10.1569	1.23706	0.00267
10.16448	1.2318	0.00267
10.17205	1.22653	0.00266
10.17962	1.22138	0.00265
10.1872	1.21672	0.00261
10.19477	1.21205	0.00258
10.20234	1.20795	0.00256
10.20992	1.20471	0.00255
10.21749	1.20147	0.00255
10.22506	1.19865	0.00254
10.23264	1.19613	0.00254
10.24021	1.19361	0.00254
10.24779	1.19109	0.00251
10.25536	1.18857	0.00248
10.26293	1.18606	0.00244
10.27051	1.18471	0.00245
10.27808	1.18338	0.00246
10.28565	1.18285	0.00247
10.29323	1.18575	0.00244
10.3008	1.18865	0.00241
10.30837	1.18895	0.00238
10.31595	1.18512	0.00234
10.32352	1.18129	0.0023
10.33109	1.17641	0.00228
10.33867	1.17079	0.00228
10.34624	1.16517	0.00228
10.35382	1.15962	0.0023
10.36139	1.15408	0.00233
10.36896	1.14855	0.00236
10.37654	1.14369	0.00234
10.38411	1.13884	0.00232
10.39168	1.13409	0.00231
10.39926	1.12984	0.0023
10.40683	1.12559	0.0023
10.4144	1.12096	0.0023
10.42198	1.11571	0.0023
10.42955	1.11047	0.00231
10.43712	1.10519	0.00229
10.4447	1.0999	0.00227
10.45227	1.0946	0.00224
10.45985	1.0924	0.00225
10.46742	1.0911	0.00226
10.47499	1.0898	0.00228
10.48257	1.08887	0.00229
10.49014	1.08795	0.00231
10.49771	1.08703	0.00232
10.50529	1.08611	0.00234
10.51286	1.08519	0.00236
10.52043	1.08427	0.00238
10.52801	1.08336	0.00242
10.53558	1.08244	0.00245
10.54316	1.0815	0.00248
10.55073	1.08054	0.0025
10.5583	1.07958	0.00252
10.56588	1.07763	0.00254
10.57345	1.07538	0.00255
10.58102	1.07313	0.00256
10.5886	1.07075	0.00255
10.59617	1.06836	0.00255
10.60374	1.06596	0.00255
10.61132	1.06347	0.00254
10.61889	1.06098	0.00254
10.62646	1.05775	0.00255
10.63404	1.05322	0.0026
10.64161	1.04868	0.00264
10.64919	1.04402	0.00265
10.65676	1.03926	0.00262
10.66433	1.0345	0.0026
10.67191	1.02617	0.00256
10.67948	1.01669	0.00251
10.68705	1.00722	0.00247
10.69463	0.99389	0.00242
10.7022	0.98039	0.00237
10.70977	0.96926	0.00233
10.71735	0.97119	0.00233
10.72492	0.97312	0.00233
10.73249	0.97525	0.00235
10.74007	0.97775	0.0024
10.74764	0.98026	0.00245
10.75522	0.98275	0.00247
10.76279	0.98523	0.00248
10.77036	0.98771	0.00248
10.77794	0.99019	0.00247
10.78551	0.99268	0.00245
10.79308	0.99516	0.00244
10.80066	0.99621	0.00243
10.80823	0.99718	0.00242
10.8158	0.99789	0.00241
10.82338	0.99709	0.0024
10.83095	0.99629	0.00239
10.83853	0.99548	0.00238
10.8461	0.99466	0.00234
10.85367	0.99384	0.00231
10.86125	0.99049	0.00227
10.86882	0.98499	0.00223
10.87639	0.97948	0.00219
10.88397	0.96687	0.00214
10.89154	0.95175	0.0021
10.89911	0.93663	0.00205
10.90669	0.92363	0.002
10.91426	0.91077	0.00195
10.92183	0.89855	0.00191
10.92941	0.89042	0.00189
10.93698	0.88229	0.00186
10.94456	0.87781	0.00185
10.95213	0.88061	0.00187
10.9597	0.88341	0.00189
10.96728	0.8863	0.00192
10.97485	0.88926	0.00195
10.98242	0.89222	0.00198
10.99	0.89518	0.00199
10.99757	0.89814	0.002
11.00514	0.9011	0.002
11.01272	0.90168	0.002
11.02029	0.90208	0.00199
11.02787	0.90207	0.00198
11.03544	0.89923	0.00197
11.04301	0.8964	0.00197
11.05059	0.89357	0.00196
11.05816	0.89076	0.00195
11.06573	0.88795	0.00194
11.07331	0.88518	0.00192
11.08088	0.88244	0.00189
11.08845	0.87969	0.00186
11.09603	0.87423	0.00183
11.1036	0.86772	0.0018
11.11117	0.86121	0.00178
11.11875	0.85764	0.00177
11.12632	0.85432	0.00177
11.1339	0.85108	0.00177
11.14147	0.84843	0.00176
11.14904	0.84579	0.00175
11.15662	0.84325	0.00174
11.16419	0.84093	0.00173
11.17176	0.83862	0.00171
11.17934	0.83064	0.00168
11.18691	0.8173	0.00163
11.19448	0.80396	0.00159
11.20206	0.79363	0.00156
11.20963	0.78452	0.00153
11.2172	0.77541	0.0015
11.22478	0.7672	0.00147
11.23235	0.75907	0.00145
11.23993	0.75221	0.00143
11.2475	0.7557	0.00143
11.25507	0.7592	0.00143
11.26265	0.76135	0.00144
11.27022	0.76047	0.00146
11.27779	0.75959	0.00147
11.28537	0.75877	0.00148
11.29294	0.75801	0.00149
11.30051	0.75725	0.00149
11.30809	0.75641	0.00149
11.31566	0.75553	0.00147
11.32324	0.75465	0.00146
11.33081	0.7517	0.00144
11.33838	0.74852	0.00141
11.34596	0.74535	0.00138
11.35353	0.74222	0.00135
11.3611	0.73908	0.00133
11.36868	0.73581	0.00131
11.37625	0.73221	0.00134
11.38382	0.72862	0.00137
11.3914	0.72495	0.00138
11.39897	0.72122	0.00137
11.40654	0.71748	0.00137
11.41412	0.71374	0.00135
11.42169	0.71001	0.00134
11.42927	0.70627	0.00132
11.43684	0.70269	0.0013
11.44441	0.69913	0.00127
11.45199	0.69558	0.00125
11.45956	0.69212	0.00123
11.46713	0.68866	0.0012
11.47471	0.68518	0.00118
11.48228	0.68168	0.00118
11.48985	0.67817	0.00118
11.49743	0.67243	0.00117
11.505	0.66433	0.00115
11.51258	0.65624	0.00113
11.52015	0.65111	0.00112
11.52772	0.64735	0.00112
11.5353	0.64359	0.00111
11.54287	0.63973	0.00111
11.55044	0.63587	0.00111
11.55802	0.63206	0.00111
11.56559	0.62889	0.0011
11.57316	0.62573	0.00108
11.58074	0.62281	0.00107
11.58831	0.6205	0.00106
11.59588	0.6182	0.00106
11.60346	0.61596	0.00105
11.61103	0.61378	0.00105
11.61861	0.61161	0.00105
11.62618	0.60513	0.00105
11.63375	0.59658	0.00104
11.64133	0.58804	0.00104
11.6489	0.58695	0.00101
11.65647	0.58693	9.8514E-4
11.66405	0.58612	9.58612E-4
11.67162	0.57516	9.53555E-4
11.67919	0.56421	9.48498E-4
11.68677	0.55732	9.48643E-4
11.69434	0.56139	9.62798E-4
11.70191	0.56546	9.76952E-4
11.70949	0.56963	9.90182E-4
11.71706	0.57392	0.001
11.72464	0.57821	0.00101
11.73221	0.58085	0.00102
11.73978	0.58266	0.00102
11.74736	0.58448	0.00102
11.75493	0.57592	0.001
11.7625	0.56575	9.76622E-4
11.77008	0.55524	9.51424E-4
11.77765	0.53985	9.23283E-4
11.78522	0.52446	8.95142E-4
11.7928	0.51252	8.72731E-4
11.80037	0.51029	8.66484E-4
11.80795	0.50805	8.60236E-4
11.81552	0.50575	8.60446E-4
11.82309	0.50335	8.6824E-4
11.83067	0.50095	8.76034E-4
11.83824	0.49855	8.68559E-4
11.84581	0.49616	8.53153E-4
11.85339	0.49376	8.37748E-4
11.86096	0.49148	8.31671E-4
11.86853	0.48923	8.27159E-4
11.87611	0.48706	8.22776E-4
11.88368	0.48659	8.20636E-4
11.89125	0.48612	8.18496E-4
11.89883	0.48564	8.16099E-4
11.9064	0.48516	8.1294E-4
11.91398	0.48468	8.09781E-4
11.92155	0.48477	8.10251E-4
11.92912	0.48555	8.15141E-4
11.9367	0.48633	8.2003E-4
11.94427	0.50576	8.45914E-4
11.95184	0.53526	8.83146E-4
11.95942	0.56476	9.20378E-4
11.96699	0.57418	9.27465E-4
11.97456	0.57999	9.2912E-4
11.98214	0.58442	9.29238E-4
11.98971	0.56004	8.97134E-4
11.99728	0.53567	8.65029E-4
12.00486	0.5175	8.41594E-4
12.01243	0.51857	8.45055E-4
12.02001	0.51964	8.48517E-4
12.02758	0.52064	8.58729E-4
12.03515	0.52153	8.77466E-4
12.04273	0.52242	8.96202E-4
12.0503	0.52332	9.0443E-4
12.05787	0.52422	9.06752E-4
12.06545	0.52512	9.09073E-4
12.07302	0.52601	9.08479E-4
12.08059	0.52691	9.07324E-4
12.08817	0.52793	9.06506E-4
12.09574	0.53238	9.14598E-4
12.10332	0.53683	9.22689E-4
12.11089	0.54028	9.30283E-4
12.11846	0.54046	9.36253E-4
12.12604	0.54065	9.42222E-4
12.13361	0.53824	9.45138E-4
12.14118	0.53242	9.44053E-4
12.14876	0.52661	9.42969E-4
12.15633	0.52075	9.44387E-4
12.1639	0.51487	9.47266E-4
12.17148	0.50899	9.50146E-4
12.17905	0.50368	0.00103
12.18662	0.49848	0.00112
12.1942	0.49352	0.00123
12.20177	0.49724	0.00169
12.20935	0.50095	0.00216
12.21692	0.50216	0.00251
12.22449	0.49477	0.00246
12.23207	0.48737	0.00242
12.23964	0.48046	0.00234
12.24721	0.4742	0.00223
12.25479	0.46794	0.00212
12.26236	0.46845	0.00202
12.26993	0.47307	0.00194
12.27751	0.47768	0.00186
12.28508	0.48063	0.00182
12.29266	0.4832	0.0018
12.30023	0.48554	0.00177
12.3078	0.4749	0.00171
12.31538	0.46426	0.00166
12.32295	0.45514	0.0016
12.33052	0.45155	0.00156
12.3381	0.44795	0.00151
12.34567	0.44422	0.00146
12.35324	0.44031	0.00142
12.36082	0.43639	0.00138
12.36839	0.4321	0.00134
12.37596	0.42757	0.0013
12.38354	0.42304	0.00127
12.39111	0.41989	0.00121
12.39869	0.41706	0.00114
12.40626	0.41431	0.00107
12.41383	0.41995	0.00106
12.42141	0.42558	0.00105
12.42898	0.43116	0.00104
12.43655	0.4365	0.00102
12.44413	0.44184	0.00101
12.4517	0.4471	9.99077E-4
12.45927	0.45224	9.8486E-4
12.46685	0.45739	9.70642E-4
12.47442	0.46114	9.71335E-4
12.48199	0.46399	9.818E-4
12.48957	0.46684	9.92265E-4
12.49714	0.46943	9.72561E-4
12.50472	0.47197	9.45421E-4
12.51229	0.4745	9.18297E-4
12.51986	0.47828	9.20474E-4
12.52744	0.48207	9.22651E-4
12.53501	0.48294	9.26641E-4
12.54258	0.47207	9.37942E-4
12.55016	0.4612	9.49243E-4
12.55773	0.45055	9.61613E-4
12.5653	0.44023	9.75608E-4
12.57288	0.42991	9.89603E-4
12.58045	0.423	9.59996E-4
12.58803	0.41843	9.00722E-4
12.5956	0.41386	8.41447E-4
12.60317	0.4094	8.04749E-4
12.61075	0.40497	7.73935E-4
12.61832	0.40054	7.4312E-4
12.62589	0.40039	7.34328E-4
12.63347	0.40028	7.25725E-4
12.64104	0.40017	7.19099E-4
12.64861	0.40006	7.20916E-4
12.65619	0.39995	7.22734E-4
12.66376	0.39984	7.2254E-4
12.67133	0.39973	7.19173E-4
12.67891	0.39961	7.15805E-4
12.68648	0.3995	7.13853E-4
12.69406	0.39939	7.129E-4
12.70163	0.39928	7.11948E-4
12.7092	0.39916	7.11442E-4
12.71678	0.39905	7.11059E-4
12.72435	0.39894	7.10677E-4
12.73192	0.40036	7.12842E-4
12.7395	0.40181	7.15053E-4
12.74707	0.40365	7.18493E-4
12.75464	0.40725	7.27509E-4
12.76222	0.41085	7.36525E-4
12.76979	0.41277	7.49127E-4
12.77736	0.41192	7.67608E-4
12.78494	0.41107	7.8609E-4
12.79251	0.40996	8.04623E-4
12.80009	0.40866	8.23194E-4
12.80766	0.40736	8.41765E-4
12.81523	0.40607	8.55373E-4
12.82281	0.40478	8.67542E-4
12.83038	0.40349	8.79711E-4
12.83795	0.4022	8.81319E-4
12.84553	0.40092	8.82638E-4
12.8531	0.39963	8.84294E-4
12.86067	0.39834	8.87569E-4
12.86825	0.39705	8.90845E-4
12.87582	0.39576	8.98179E-4
12.8834	0.39446	9.12429E-4
12.89097	0.39317	9.26679E-4
12.89854	0.39198	9.39402E-4
12.90612	0.39087	9.50962E-4
12.91369	0.38976	9.62523E-4
12.92126	0.38868	9.6999E-4
12.92884	0.38761	9.76209E-4
12.93641	0.38655	9.82427E-4
12.94398	0.38548	9.90528E-4
12.95156	0.38441	9.98697E-4
12.95913	0.38334	0.00101
12.9667	0.38227	0.00101
12.97428	0.3812	0.00102
12.98185	0.38014	0.00103
12.98943	0.37907	0.00105
12.997	0.378	0.00106
13.00457	0.37693	0.00108
13.01215	0.37587	0.0011
13.01972	0.3748	0.00111
13.02729	0.37396	0.00114
13.03487	0.37319	0.00116
13.04244	0.37243	0.00118
13.05001	0.37355	0.00119
13.05759	0.37475	0.00121
13.06516	0.37596	0.00122
13.07274	0.37716	0.00126
13.08031	0.37836	0.00129
13.08788	0.37956	0.00132
13.09546	0.38076	0.00134
13.10303	0.38195	0.00135
13.1106	0.38316	0.00135
13.11818	0.38436	0.00134
13.12575	0.38556	0.00133
13.13332	0.38709	0.00135
13.1409	0.38874	0.00138
13.14847	0.39038	0.0014
13.15604	0.39475	0.00142
13.16362	0.39927	0.00144
13.17119	0.40379	0.00146
13.17877	0.40831	0.00148
13.18634	0.41282	0.0015
13.19391	0.41712	0.00153
13.20149	0.42099	0.00155
13.20906	0.42485	0.00157
13.21663	0.42369	0.00155
13.22421	0.41825	0.00152
13.23178	0.41281	0.00148
13.23935	0.40712	0.00147
13.24693	0.40133	0.00148
13.2545	0.39554	0.00149
13.26207	0.38986	0.00148
13.26965	0.38419	0.00147
13.27722	0.37851	0.00146
13.2848	0.37281	0.00144
13.29237	0.36711	0.00142
13.29994	0.3626	0.0014
13.30752	0.36046	0.0014
13.31509	0.35832	0.0014
13.32266	0.35664	0.00139
13.33024	0.35536	0.00138
13.33781	0.35408	0.00136
13.34538	0.35281	0.00135
13.35296	0.35153	0.00135
13.36053	0.35026	0.00134
13.36811	0.34898	0.00133
13.37568	0.3477	0.00133
13.38325	0.34643	0.00132
13.39083	0.34516	0.00129
13.3984	0.34388	0.00127
13.40597	0.34258	0.00125
13.41355	0.34122	0.00123
13.42112	0.33985	0.00121
13.42869	0.33848	0.00119
13.43627	0.33709	0.00119
13.44384	0.33571	0.00119
13.45141	0.33432	0.00119
13.45899	0.33294	0.00119
13.46656	0.33155	0.00119
13.47414	0.33015	0.00119
13.48171	0.32875	0.00118
13.48928	0.32789	0.00118
13.49686	0.33118	0.00117
13.50443	0.33446	0.00117
13.512	0.33822	0.00117
13.51958	0.34302	0.00119
13.52715	0.34781	0.00121
13.53472	0.35198	0.00123
13.5423	0.35557	0.00125
13.54987	0.35915	0.00126
13.55744	0.36273	0.00127
13.56502	0.36631	0.00128
13.57259	0.36989	0.00128
13.58017	0.3732	0.00128
13.58774	0.37649	0.00128
13.59531	0.37952	0.00128
13.60289	0.38041	0.00129
13.61046	0.3813	0.0013
13.61803	0.38218	0.00131
13.62561	0.38303	0.00131
13.63318	0.38388	0.00131
13.64075	0.38473	0.00131
13.64833	0.38558	0.00131
13.6559	0.38642	0.00131
13.66348	0.38651	0.00131
13.67105	0.38629	0.00131
13.67862	0.38607	0.0013
13.6862	0.3841	0.00129
13.69377	0.38194	0.00127
13.70134	0.37977	0.00126
13.70892	0.3776	0.00125
13.71649	0.37543	0.00124
13.72406	0.37326	0.00123
13.73164	0.37109	0.00123
13.73921	0.36892	0.00123
13.74678	0.36713	0.00123
13.75436	0.36574	0.00123
13.76193	0.36434	0.00123
13.76951	0.36338	0.00123
13.77708	0.36261	0.00124
13.78465	0.36184	0.00124
13.79223	0.36108	0.00124
13.7998	0.36031	0.00123
13.80737	0.35955	0.00123
13.81495	0.35879	0.00122
13.82252	0.35803	0.00121
13.83009	0.35726	0.0012
13.83767	0.35646	0.0012
13.84524	0.35566	0.00119
13.85282	0.35321	0.00118
13.86039	0.34903	0.00117
13.86796	0.34485	0.00116
13.87554	0.34008	0.00116
13.88311	0.33504	0.00115
13.89068	0.33	0.00114
13.89826	0.33062	0.00115
13.90583	0.33199	0.00116
13.9134	0.33336	0.00117
13.92098	0.33476	0.00119
13.92855	0.33617	0.0012
13.93612	0.33757	0.00121
13.9437	0.33897	0.00123
13.95127	0.34038	0.00124
13.95885	0.34178	0.00125
13.96642	0.34319	0.00126
13.97399	0.34459	0.00128
13.98157	0.346	0.00128
13.98914	0.3474	0.00128
13.99671	0.34881	0.00128
14.00429	0.35022	0.00128
14.01186	0.35163	0.00128
14.01943	0.35295	0.00128
14.02701	0.35305	0.00129
14.03458	0.35314	0.00129
14.04215	0.35317	0.0013
14.04973	0.35304	0.0013
14.0573	0.35291	0.0013
14.06488	0.35278	0.00131
14.07245	0.35264	0.00132
14.08002	0.35251	0.00133
14.0876	0.35241	0.00133
14.09517	0.35233	0.00133
14.10274	0.35225	0.00133
14.11032	0.34752	0.00133
14.11789	0.34207	0.00132
14.12546	0.3367	0.00132
14.13304	0.33249	0.00133
14.14061	0.32828	0.00133
14.14819	0.3243	0.00133
14.15576	0.32098	0.0013
14.16333	0.31766	0.00128
14.17091	0.31434	0.00127
14.17848	0.31103	0.00127
14.18605	0.30772	0.00128
14.19363	0.30483	0.00127
14.2012	0.30215	0.00127
14.20877	0.29947	0.00126
14.21635	0.2975	0.00125
14.22392	0.29566	0.00124
14.23149	0.29381	0.00123
14.23907	0.29196	0.00124
14.24664	0.29012	0.00125
14.25422	0.28828	0.00125
14.26179	0.28644	0.00124
14.26936	0.28459	0.00123
14.27694	0.2831	0.00123
14.28451	0.28202	0.00122
14.29208	0.28095	0.00122
14.29966	0.28256	0.00122
14.30723	0.28561	0.00123
14.3148	0.28866	0.00123
14.32238	0.29162	0.00124
14.32995	0.29455	0.00125
14.33753	0.29749	0.00126
14.3451	0.30043	0.00127
14.35267	0.30338	0.00128
14.36025	0.30617	0.00128
14.36782	0.30847	0.00129
14.37539	0.31077	0.0013
14.38297	0.31299	0.00131
14.39054	0.31511	0.00131
14.39811	0.31723	0.00131
14.40569	0.31935	0.0013
14.41326	0.32147	0.0013
14.42083	0.32359	0.00129
14.42841	0.32571	0.0013
14.43598	0.32782	0.00131
14.44356	0.32994	0.00132
14.45113	0.33208	0.0013
14.4587	0.33422	0.00129
14.46628	0.336	0.00128
14.47385	0.33665	0.00127
14.48142	0.33729	0.00127
14.489	0.33466	0.00126
14.49657	0.32772	0.00126
14.50414	0.32079	0.00126
14.51172	0.3168	0.00124
14.51929	0.31454	0.00123
14.52686	0.31227	0.00122
14.53444	0.3106	0.00122
14.54201	0.30906	0.00123
14.54959	0.30751	0.00124
14.55716	0.30596	0.00123
14.56473	0.3044	0.00123
14.57231	0.30285	0.00122
14.57988	0.3013	0.00121
14.58745	0.29975	0.0012
14.59503	0.2982	0.00119
14.6026	0.29664	0.00118
14.61017	0.29509	0.00117
14.61775	0.29354	0.00116
14.62532	0.292	0.00116
14.6329	0.29046	0.00116
14.64047	0.29058	0.00115
14.64804	0.29107	0.00114
14.65562	0.29156	0.00113
14.66319	0.29258	0.00113
14.67076	0.29359	0.00113
14.67834	0.2946	0.00113
14.68591	0.29561	0.00114
14.69348	0.29663	0.00115
14.70106	0.29764	0.00116
14.70863	0.29865	0.00115
14.7162	0.29967	0.00114
14.72378	0.30068	0.00114
14.73135	0.3017	0.00115
14.73893	0.30271	0.00116
14.7465	0.30389	0.00117
14.75407	0.3051	0.00118
14.76165	0.30631	0.00119
14.76922	0.30757	0.00121
14.77679	0.30882	0.00122
14.78437	0.31008	0.00124
14.79194	0.31133	0.00125
14.79951	0.31259	0.00126
14.80709	0.31384	0.00127
14.81466	0.3151	0.00128
14.82223	0.31635	0.0013
14.82981	0.3177	0.00131
14.83738	0.31912	0.00131
14.84496	0.32053	0.00131
14.85253	0.32298	0.00132
14.8601	0.32569	0.00132
14.86768	0.32839	0.00133
14.87525	0.33109	0.00136
14.88282	0.33379	0.00138
14.8904	0.33686	0.00141
14.89797	0.34142	0.00142
14.90554	0.34598	0.00144
14.91312	0.35135	0.00147
14.92069	0.35794	0.00152
14.92827	0.36454	0.00157
14.93584	0.36959	0.00161
14.94341	0.3736	0.00166
14.95099	0.37761	0.0017
14.95856	0.38146	0.00174
14.96613	0.38528	0.00178
14.97371	0.3891	0.00182
14.98128	0.39685	0.00186
14.98885	0.40463	0.0019
14.99643	0.41243	0.00194
15.004	0.42026	0.00201
15.01157	0.42809	0.00207
15.01915	0.43507	0.00213
15.02672	0.44068	0.00218
15.0343	0.4463	0.00223
15.04187	0.45424	0.00229
15.04944	0.46383	0.00235
15.05702	0.47341	0.00241
15.06459	0.48386	0.00249
15.07216	0.49454	0.00258
15.07974	0.50523	0.00267
15.08731	0.50578	0.00274
15.09488	0.50616	0.00282
15.10246	0.50653	0.00289
15.11003	0.50689	0.00294
15.11761	0.50724	0.00299
15.12518	0.50701	0.00303
15.13275	0.5058	0.00306
15.14033	0.50458	0.0031
15.1479	0.50264	0.00312
15.15547	0.50015	0.00314
15.16305	0.49766	0.00315
15.17062	0.49515	0.00316
15.17819	0.49264	0.00316
15.18577	0.49013	0.00316
15.19334	0.48762	0.00317
15.20091	0.48511	0.00318
15.20849	0.4826	0.00319
15.21606	0.4801	0.00321
15.22364	0.4776	0.00322
15.23121	0.47557	0.00323
15.23878	0.47432	0.00326
15.24636	0.47307	0.00328
15.25393	0.47374	0.00333
15.2615	0.47587	0.0034
15.26908	0.478	0.00347
15.27665	0.48007	0.00352
15.28422	0.48213	0.00355
15.2918	0.48419	0.00359
15.29937	0.48623	0.00358
15.30694	0.48826	0.00357
15.31452	0.49074	0.00357
15.32209	0.49548	0.00358
15.32967	0.50022	0.00359
15.33724	0.50331	0.00362
15.34481	0.5035	0.00369
15.35239	0.50368	0.00376
15.35996	0.50042	0.00377
15.36753	0.49442	0.00373
15.37511	0.48843	0.00369
15.38268	0.4824	0.00366
15.39025	0.47635	0.00364
15.39783	0.4703	0.00362
15.4054	0.46463	0.00359
15.41298	0.45898	0.00357
15.42055	0.45397	0.00354
15.42812	0.45246	0.00352
15.4357	0.45094	0.0035
15.44327	0.44947	0.00348
15.45084	0.44805	0.00347
15.45842	0.44664	0.00346
15.46599	0.44522	0.00347
15.47356	0.44381	0.00348
15.48114	0.44239	0.00349
15.48871	0.44097	0.00351
15.49628	0.43956	0.00352
15.50386	0.43814	0.00354
15.51143	0.4367	0.00354
15.51901	0.43526	0.00354
15.52658	0.4334	0.00353
15.53415	0.429	0.00348
15.54173	0.4246	0.00343
15.5493	0.41877	0.0034
15.55687	0.41019	0.00338
15.56445	0.40162	0.00337
15.57202	0.39389	0.00333
15.57959	0.3869	0.00326
15.58717	0.3799	0.0032
15.59474	0.37032	0.00314
15.60231	0.35983	0.00307
15.60989	0.34934	0.003
15.61746	0.34374	0.00299
15.62504	0.33847	0.00298
15.63261	0.33355	0.00297
15.64018	0.33085	0.00293
15.64776	0.32815	0.00289
15.65533	0.32546	0.00285
15.6629	0.32276	0.00283
15.67048	0.32005	0.00281
15.67805	0.31805	0.00279
15.68562	0.31665	0.00278
15.6932	0.31526	0.00277
15.70077	0.31442	0.00276
15.70835	0.31379	0.00275
15.71592	0.31315	0.00275
15.72349	0.31252	0.00271
15.73107	0.3119	0.00268
15.73864	0.31127	0.00265
15.74621	0.31065	0.00262
15.75379	0.31002	0.00259
15.76136	0.30939	0.00258
15.76893	0.30877	0.0026
15.77651	0.30814	0.00262
15.78408	0.30751	0.00265
15.79165	0.30689	0.00269
15.79923	0.30626	0.00273
15.8068	0.30579	0.00273
15.81438	0.30537	0.00272
15.82195	0.30496	0.0027
15.82952	0.30776	0.00271
15.8371	0.31085	0.00272
15.84467	0.31393	0.00273
15.85224	0.31698	0.00274
15.85982	0.32003	0.00274
15.86739	0.32314	0.00275
15.87496	0.3264	0.00276
15.88254	0.32967	0.00277
15.89011	0.333	0.0028
15.89769	0.33639	0.00284
15.90526	0.33979	0.00287
15.91283	0.34318	0.00291
15.92041	0.34657	0.00293
15.92798	0.34997	0.00296
15.93555	0.35236	0.00297
15.94313	0.35465	0.00296
15.9507	0.3569	0.00296
15.95827	0.35886	0.00295
15.96585	0.36081	0.00293
15.97342	0.36277	0.00291
15.98099	0.36472	0.0029
15.98857	0.36668	0.00288
15.99614	0.36863	0.00289
16.00372	0.37058	0.00291
16.01129	0.37254	0.00294
16.01886	0.37451	0.00295
16.02644	0.37649	0.00295
16.03401	0.37846	0.00294
16.04158	0.38146	0.00296
16.04916	0.38457	0.00298
16.05673	0.38769	0.003
16.0643	0.39082	0.00302
16.07188	0.39395	0.00304
16.07945	0.39663	0.00305
16.08702	0.39826	0.00304
16.0946	0.39989	0.00303
16.10217	0.40106	0.003
16.10975	0.40175	0.00295
16.11732	0.40244	0.0029
16.12489	0.40312	0.00288
16.13247	0.4038	0.00287
16.14004	0.40447	0.00285
16.14761	0.40515	0.00287
16.15519	0.40583	0.0029
16.16276	0.4065	0.00292
16.17033	0.40715	0.00288
16.17791	0.4078	0.00285
16.18548	0.40703	0.00262
16.19306	0.40272	0.00192
16.20063	0.39842	0.00121
16.2082	0.39051	7.91529E-4
16.21578	0.37881	6.63914E-4
16.22335	0.36711	5.36299E-4
16.23092	0.36223	4.93095E-4
16.2385	0.3605	4.88696E-4
16.24607	0.35876	4.84297E-4
16.25364	0.35695	4.78644E-4
16.26122	0.35514	4.72825E-4
16.26879	0.35332	4.67132E-4
16.27636	0.3515	4.62858E-4
16.28394	0.34969	4.58584E-4
16.29151	0.34787	4.54011E-4
16.29909	0.34606	4.4867E-4
16.30666	0.34425	4.43328E-4
16.31423	0.34243	4.40565E-4
16.32181	0.34062	4.4062E-4
16.32938	0.33881	4.40675E-4
16.33695	0.33795	4.4058E-4
16.34453	0.33755	4.40413E-4
16.3521	0.33715	4.40247E-4
16.35967	0.34436	4.35521E-4
16.36725	0.35266	4.3014E-4
16.37482	0.36046	4.25264E-4
16.38239	0.36192	4.26852E-4
16.38997	0.36337	4.28441E-4
16.39754	0.36482	4.28879E-4
16.40512	0.36625	4.2622E-4
16.41269	0.36769	4.2356E-4
16.42026	0.36912	4.22809E-4
16.42784	0.37056	4.24219E-4
16.43541	0.37199	4.25629E-4
16.44298	0.37343	4.3155E-4
16.45056	0.37487	4.39723E-4
16.45813	0.3763	4.47896E-4
16.4657	0.37774	4.49315E-4
16.47328	0.37917	4.49682E-4
16.48085	0.38056	4.4961E-4
16.48843	0.38128	4.43053E-4
16.496	0.38199	4.36496E-4
16.50357	0.38261	4.3024E-4
16.51115	0.38297	4.24835E-4
16.51872	0.38334	4.1943E-4
16.52629	0.3837	4.15777E-4
16.53387	0.38406	4.14181E-4
16.54144	0.38442	4.12586E-4
16.54901	0.38478	4.14994E-4
16.55659	0.38515	4.19483E-4
16.56416	0.38551	4.23971E-4
16.57173	0.38587	4.18305E-4
16.57931	0.38623	4.10934E-4
16.58688	0.38659	4.04128E-4
16.59446	0.38696	4.07137E-4
16.60203	0.38732	4.10147E-4
16.6096	0.38768	4.14175E-4
16.61718	0.38805	4.21213E-4
16.62475	0.38841	4.2825E-4
16.63232	0.38885	4.32874E-4
16.6399	0.38939	4.34556E-4
16.64747	0.38992	4.36238E-4
16.65504	0.39066	4.34321E-4
16.66262	0.39151	4.30458E-4
16.67019	0.39236	4.26595E-4
16.67777	0.39321	4.27377E-4
16.68534	0.39406	4.28996E-4
16.69291	0.39487	4.30727E-4
16.70049	0.39477	4.34796E-4
16.70806	0.39468	4.38865E-4
16.71563	0.39451	4.43132E-4
16.72321	0.39415	4.48014E-4
16.73078	0.39379	4.52896E-4
16.73835	0.39343	4.56752E-4
16.74593	0.39307	4.59312E-4
16.7535	0.3927	4.61872E-4
16.76107	0.39234	4.65603E-4
16.76865	0.39198	4.69994E-4
16.77622	0.39162	4.74384E-4
16.7838	0.39125	4.80023E-4
16.79137	0.39089	4.85904E-4
16.79894	0.39053	4.91802E-4
16.80652	0.39017	4.98155E-4
16.81409	0.38981	5.04507E-4
16.82166	0.38946	5.10506E-4
16.82924	0.38916	5.15352E-4
16.83681	0.38886	5.20198E-4
16.84438	0.3876	5.25075E-4
16.85196	0.38509	5.29995E-4
16.85953	0.38258	5.34914E-4
16.8671	0.37973	5.39334E-4
16.87468	0.37668	5.43461E-4
16.88225	0.37363	5.47589E-4
16.88983	0.37058	5.49727E-4
16.8974	0.36753	5.51456E-4
16.90497	0.36448	5.53106E-4
16.91255	0.36138	5.51971E-4
16.92012	0.35828	5.50836E-4
16.92769	0.35605	5.51583E-4
16.93527	0.35682	5.58793E-4
16.94284	0.35759	5.66003E-4
16.95041	0.35886	5.76719E-4
16.95799	0.36082	5.92202E-4
16.96556	0.36277	6.07685E-4
16.97314	0.36474	6.2052E-4
16.98071	0.3667	6.31746E-4
16.98828	0.36867	6.42972E-4
16.99586	0.37064	6.49706E-4
17.00343	0.37261	6.55455E-4
17.011	0.37458	6.61283E-4
17.01858	0.37657	6.71303E-4
17.02615	0.37857	6.81323E-4
17.03372	0.3803	6.91685E-4
17.0413	0.38107	7.03286E-4
17.04887	0.38184	7.14887E-4
17.05644	0.38256	7.25239E-4
17.06402	0.38321	7.33827E-4
17.07159	0.38386	7.42415E-4
17.07917	0.38451	7.49016E-4
17.08674	0.38516	7.54363E-4
17.09431	0.38581	7.5971E-4
17.10189	0.38647	7.62751E-4
17.10946	0.38712	7.65255E-4
17.11703	0.38777	7.67841E-4
17.12461	0.38842	7.79127E-4
17.13218	0.38908	7.90412E-4
17.13975	0.38973	8.00197E-4
17.14733	0.39038	8.04254E-4
17.1549	0.39103	8.08311E-4
17.16247	0.39169	8.12604E-4
17.17005	0.39234	8.17244E-4
17.17762	0.39299	8.21884E-4
17.1852	0.39365	8.29384E-4
17.19277	0.39431	8.38759E-4
17.20034	0.39496	8.48134E-4
17.20792	0.39512	8.48158E-4
17.21549	0.39515	8.45876E-4
17.22306	0.39518	8.43595E-4
17.23064	0.39463	8.45393E-4
17.23821	0.39409	8.47191E-4
17.24578	0.39354	8.4895E-4
17.25336	0.393	8.50551E-4
17.26093	0.39245	8.52152E-4
17.26851	0.39191	8.53161E-4
17.27608	0.39136	8.53273E-4
17.28365	0.39082	8.53384E-4
17.29123	0.39027	8.52719E-4
17.2988	0.38973	8.51526E-4
17.30637	0.38918	8.50333E-4
17.31395	0.38864	8.4514E-4
17.32152	0.3881	8.38903E-4
17.32909	0.38755	8.32666E-4
17.33667	0.38891	8.28524E-4
17.34424	0.39028	8.24401E-4
17.35181	0.39242	8.21704E-4
17.35939	0.39784	8.25109E-4
17.36696	0.40325	8.28514E-4
17.37454	0.40774	8.34502E-4
17.38211	0.41078	8.44568E-4
17.38968	0.41381	8.54635E-4
17.39726	0.41602	8.62502E-4
17.40483	0.41765	8.68816E-4
17.4124	0.41928	8.75129E-4
17.41998	0.42089	8.81492E-4
17.42755	0.42249	8.87869E-4
17.43512	0.4241	8.94246E-4
17.4427	0.42571	9.00273E-4
17.45027	0.42732	9.06293E-4
17.45785	0.42891	9.12101E-4
17.46542	0.4304	9.1694E-4
17.47299	0.4319	9.2178E-4
17.48057	0.43211	9.24738E-4
17.48814	0.4302	9.24609E-4
17.49571	0.4283	9.2448E-4
17.50329	0.42623	9.25745E-4
17.51086	0.42404	9.28033E-4
17.51843	0.42185	9.30321E-4
17.52601	0.41966	9.28654E-4
17.53358	0.41748	9.25841E-4
17.54115	0.41529	9.23028E-4
17.54873	0.41311	9.15991E-4
17.5563	0.41093	9.08838E-4
17.56388	0.40875	9.01825E-4
17.57145	0.40656	8.9549E-4
17.57902	0.40438	8.89154E-4
17.5866	0.4022	8.83694E-4
17.59417	0.40002	8.79724E-4
17.60174	0.39783	8.75754E-4
17.60932	0.39566	8.70242E-4
17.61689	0.3935	8.63556E-4
17.62446	0.39134	8.5687E-4
17.63204	0.38926	8.52946E-4
17.63961	0.38719	8.49864E-4
17.64718	0.38513	8.46783E-4
17.65476	0.38306	8.51866E-4
17.66233	0.381	8.57251E-4
17.66991	0.37894	8.6048E-4
17.67748	0.37687	8.52593E-4
17.68505	0.37481	8.44707E-4
17.69263	0.37274	8.3754E-4
17.7002	0.37067	8.31651E-4
17.70777	0.36861	8.25761E-4
17.71535	0.36678	8.19534E-4
17.72292	0.36515	8.13042E-4
17.73049	0.36351	8.0655E-4
17.73807	0.36432	8.0184E-4
17.74564	0.36591	7.97701E-4
17.75322	0.3675	7.93562E-4
17.76079	0.36901	7.97727E-4
17.76836	0.37052	8.02281E-4
17.77594	0.37203	8.06212E-4
17.78351	0.37354	8.06712E-4
17.79108	0.37505	8.07212E-4
17.79866	0.37633	8.07985E-4
17.80623	0.37722	8.09263E-4
17.8138	0.3781	8.10541E-4
17.82138	0.3782	8.11989E-4
17.82895	0.37767	8.13576E-4
17.83652	0.37714	8.15163E-4
17.8441	0.37663	8.16599E-4
17.85167	0.37612	8.17984E-4
17.85925	0.37562	8.19369E-4
17.86682	0.37511	8.14391E-4
17.87439	0.37461	8.09051E-4
17.88197	0.3741	8.04378E-4
17.88954	0.3736	8.03652E-4
17.89711	0.37309	8.02925E-4
17.90469	0.37259	8.03717E-4
17.91226	0.37208	8.07422E-4
17.91983	0.37158	8.11127E-4
17.92741	0.37108	8.16195E-4
17.93498	0.37057	8.2242E-4
17.94256	0.37007	8.28645E-4
17.95013	0.36957	8.24754E-4
17.9577	0.36906	8.17292E-4
17.96528	0.36856	8.0983E-4
17.97285	0.36782	8.17177E-4
17.98042	0.36707	8.25514E-4
17.988	0.36621	8.33471E-4
17.99557	0.36457	8.38998E-4
18.00314	0.36294	8.44525E-4
18.01072	0.36131	8.4847E-4
18.01829	0.35968	8.49258E-4
18.02586	0.35804	8.50047E-4
18.03344	0.35641	8.57803E-4
18.04101	0.35478	8.71692E-4
18.04859	0.35315	8.85581E-4
18.05616	0.35151	8.87229E-4
18.06373	0.34988	8.84351E-4
18.07131	0.34825	8.81472E-4
18.07888	0.34662	8.8227E-4
18.08645	0.34499	8.83352E-4
18.09403	0.34336	8.84895E-4
18.1016	0.34174	8.89622E-4
18.10917	0.34012	8.94349E-4
18.11675	0.33908	8.98866E-4
18.12432	0.33924	9.02948E-4
18.13189	0.3394	9.0703E-4
18.13947	0.34167	9.1525E-4
18.14704	0.34586	9.27245E-4
18.15462	0.35006	9.3924E-4
18.16219	0.35374	9.47593E-4
18.16976	0.35724	9.54537E-4
18.17734	0.36073	9.61481E-4
18.18491	0.36104	9.67315E-4
18.19248	0.36107	9.73052E-4
18.20006	0.3611	9.79746E-4
18.20763	0.36116	9.93635E-4
18.2152	0.36121	0.00101
18.22278	0.36127	0.00103
18.23035	0.36132	0.00106
18.23793	0.36138	0.00108
18.2455	0.36143	0.0011
18.25307	0.36149	0.00111
18.26065	0.36154	0.00112
18.26822	0.35996	0.00111
18.27579	0.35771	0.0011
18.28337	0.35546	0.00109
18.29094	0.35274	0.00108
18.29851	0.34996	0.00106
18.30609	0.34719	0.00105
18.31366	0.34444	0.00106
18.32123	0.34168	0.00107
18.32881	0.33935	0.00108
18.33638	0.33796	0.00108
18.34396	0.33657	0.00108
18.35153	0.33576	0.00108
18.3591	0.33552	0.00108
18.36668	0.33528	0.00109
18.37425	0.33505	0.00109
18.38182	0.33483	0.0011
18.3894	0.3346	0.0011
18.39697	0.33438	0.00109
18.40454	0.33416	0.00109
18.41212	0.33393	0.00109
18.41969	0.33371	0.0011
18.42726	0.33349	0.00111
18.43484	0.33327	0.00112
18.44241	0.33305	0.00112
18.44999	0.33282	0.00111
18.45756	0.3326	0.0011
18.46513	0.33238	0.0011
18.47271	0.33216	0.00109
18.48028	0.33194	0.00108
18.48785	0.33171	0.00108
18.49543	0.33149	0.00107
18.503	0.33119	0.00107
18.51057	0.33089	0.00106
18.51815	0.33125	0.00105
18.52572	0.33826	0.00107
18.5333	0.34528	0.00108
18.54087	0.35065	0.00109
18.54844	0.35195	0.00109
18.55602	0.35326	0.00109
18.56359	0.35295	0.00108
18.57116	0.35096	0.00108
18.57874	0.34897	0.00107
18.58631	0.34694	0.00107
18.59388	0.3449	0.00109
18.60146	0.34286	0.0011
18.60903	0.34083	0.00109
18.6166	0.33879	0.00109
18.62418	0.33675	0.00108
18.63175	0.33473	0.00106
18.63933	0.33271	0.00105
18.6469	0.3311	0.00104
18.65447	0.33051	0.00102
18.66205	0.32993	0.00101
18.66962	0.33015	9.90951E-4
18.67719	0.33125	9.78076E-4
18.68477	0.33234	9.652E-4
18.69234	0.33344	9.76549E-4
18.69991	0.33454	9.99508E-4
18.70749	0.33563	0.00102
18.71506	0.33673	0.00103
18.72264	0.33783	0.00103
18.73021	0.33892	0.00103
18.73778	0.34002	0.00103
18.74536	0.34112	0.00102
18.75293	0.34222	0.00102
18.7605	0.34332	0.00101
18.76808	0.34442	0.001
18.77565	0.34601	9.9339E-4
18.78322	0.34817	9.8138E-4
18.7908	0.35032	9.69371E-4
18.79837	0.35256	9.54996E-4
18.80594	0.35485	9.3944E-4
18.81352	0.35715	9.23885E-4
18.82109	0.35944	9.12377E-4
18.82867	0.36173	9.01499E-4
18.83624	0.36398	8.91221E-4
18.84381	0.36568	8.89804E-4
18.85139	0.36738	8.88386E-4
18.85896	0.36829	8.90851E-4
18.86653	0.36697	9.04275E-4
18.87411	0.36565	9.17699E-4
18.88168	0.36432	9.26504E-4
18.88925	0.36296	9.29879E-4
18.89683	0.3616	9.33254E-4
18.9044	0.36025	9.3833E-4
18.91197	0.35889	9.44289E-4
18.91955	0.35754	9.50249E-4
18.92712	0.35621	9.52363E-4
18.9347	0.35489	9.53831E-4
18.94227	0.35426	9.55398E-4
18.94984	0.36574	9.58684E-4
18.95742	0.37722	9.61971E-4
18.96499	0.38525	9.61216E-4
18.97256	0.38308	9.48502E-4
18.98014	0.3809	9.35789E-4
18.98771	0.37822	9.27706E-4
18.99528	0.37493	9.25268E-4
19.00286	0.37164	9.22829E-4
19.01043	0.36836	9.18726E-4
19.01801	0.3651	9.13722E-4
19.02558	0.36184	9.08718E-4
19.03315	0.35858	9.00731E-4
19.04073	0.35532	8.92205E-4
19.0483	0.35205	8.84071E-4
19.05587	0.34858	8.84179E-4
19.06345	0.34511	8.84286E-4
19.07102	0.33944	8.81785E-4
19.07859	0.32694	8.71182E-4
19.08617	0.31444	8.60578E-4
19.09374	0.30352	8.46895E-4
19.10131	0.2946	8.2932E-4
19.10889	0.28569	8.11745E-4
19.11646	0.27708	7.94191E-4
19.12404	0.26863	7.76649E-4
19.13161	0.26019	7.59106E-4
19.13918	0.26516	7.63561E-4
19.14676	0.27271	7.72264E-4
19.15433	0.28002	7.81319E-4
19.1619	0.28103	7.99703E-4
19.16948	0.28204	8.18087E-4
19.17705	0.283	8.07705E-4
19.18462	0.28385	7.03432E-4
19.1922	0.2847	5.9916E-4
19.19977	0.28556	4.99745E-4
19.20734	0.28642	4.06696E-4
19.21492	0.28729	3.13648E-4
19.22249	0.28816	2.80206E-4
19.23007	0.28903	2.81634E-4
19.23764	0.28989	2.83061E-4
19.24521	0.29076	2.81177E-4
19.25279	0.29163	2.78609E-4
19.26036	0.2925	2.76162E-4
19.26793	0.29334	2.77989E-4
19.27551	0.29419	2.79817E-4
19.28308	0.2959	2.81359E-4
19.29065	0.30059	2.81921E-4
19.29823	0.30527	2.82483E-4
19.3058	0.31049	2.82019E-4
19.31338	0.31642	2.8016E-4
19.32095	0.32234	2.783E-4
19.32852	0.32804	2.77972E-4
19.3361	0.3336	2.78574E-4
19.34367	0.33916	2.79176E-4
19.35124	0.34227	2.80188E-4
19.35882	0.34486	2.81289E-4
19.36639	0.34742	2.82443E-4
19.37396	0.34926	2.86445E-4
19.38154	0.3511	2.90446E-4
19.38911	0.35294	2.94228E-4
19.39668	0.35478	2.97215E-4
19.40426	0.35661	3.00201E-4
19.41183	0.35855	3.00777E-4
19.41941	0.36062	2.9795E-4
19.42698	0.36269	2.95123E-4
19.43455	0.36595	2.95782E-4
19.44213	0.36995	2.98641E-4
19.4497	0.37395	3.01501E-4
19.45727	0.37517	2.96191E-4
19.46485	0.37574	2.88978E-4
19.47242	0.37629	2.81788E-4
19.47999	0.37468	2.77122E-4
19.48757	0.37307	2.72455E-4
19.49514	0.37146	2.69498E-4
19.50272	0.36985	2.73067E-4
19.51029	0.36823	2.76636E-4
19.51786	0.36662	2.78587E-4
19.52544	0.36502	2.78167E-4
19.53301	0.36341	2.77748E-4
19.54058	0.36178	2.77398E-4
19.54816	0.36013	2.77093E-4
19.55573	0.35849	2.76788E-4
19.5633	0.35599	2.74519E-4
19.57088	0.35327	2.71764E-4
19.57845	0.35055	2.69009E-4
19.58602	0.34773	2.65478E-4
19.5936	0.34491	2.61947E-4
19.60117	0.34209	2.59002E-4
19.60875	0.33928	2.58429E-4
19.61632	0.33647	2.57855E-4
19.62389	0.33382	2.57864E-4
19.63147	0.33141	2.58758E-4
19.63904	0.32901	2.59652E-4
19.64661	0.32692	2.59728E-4
19.65419	0.32506	2.59246E-4
19.66176	0.32319	2.58763E-4
19.66933	0.32133	2.5683E-4
19.67691	0.31946	2.54519E-4
19.68448	0.3176	2.52207E-4
19.69205	0.31575	2.48059E-4
19.69963	0.31391	2.43894E-4
19.7072	0.3119	2.39965E-4
19.71478	0.30919	2.37041E-4
19.72235	0.30647	2.34118E-4
19.72992	0.30374	2.31944E-4
19.7375	0.30097	2.30956E-4
19.74507	0.2982	2.29968E-4
19.75264	0.29543	2.29378E-4
19.76022	0.29264	2.29069E-4
19.76779	0.28985	2.2876E-4
19.77536	0.28819	2.28822E-4
19.78294	0.28683	2.28985E-4
19.79051	0.28547	2.29148E-4
19.79809	0.28492	2.29055E-4
19.80566	0.28438	2.28957E-4
19.81323	0.28384	2.28903E-4
19.82081	0.2833	2.29053E-4
19.82838	0.28276	2.29202E-4
19.83595	0.28223	2.2924E-4
19.84353	0.28169	2.29093E-4
19.8511	0.28115	2.28947E-4
19.85867	0.28061	2.28845E-4
19.86625	0.28007	2.28775E-4
19.87382	0.27954	2.28706E-4
19.88139	0.279	2.29165E-4
19.88897	0.27846	2.29777E-4
19.89654	0.27793	2.30388E-4
19.90412	0.27739	2.2922E-4
19.91169	0.27685	2.28003E-4
19.91926	0.27632	2.26816E-4
19.92684	0.27578	2.25776E-4
19.93441	0.27524	2.24735E-4
19.94198	0.27476	2.23962E-4
19.94956	0.27437	2.23643E-4
19.95713	0.27399	2.23324E-4
19.9647	0.27436	2.23798E-4
19.97228	0.2753	2.24877E-4
19.97985	0.27625	2.25955E-4
19.98742	0.2772	2.26186E-4
19.995	0.27815	2.26159E-4
20.00257	0.2791	2.26132E-4
20.01015	0.28005	2.26053E-4
20.01772	0.28099	2.25972E-4
20.02529	0.28175	2.26063E-4
20.03287	0.28155	2.27041E-4
20.04044	0.28136	2.2802E-4
20.04801	0.28078	2.2913E-4
20.05559	0.2795	2.30475E-4
20.06316	0.27822	2.31819E-4
20.07073	0.27694	2.31187E-4
20.07831	0.27567	2.28994E-4
20.08588	0.27439	2.268E-4
20.09346	0.27311	2.27008E-4
20.10103	0.27183	2.27985E-4
20.1086	0.27056	2.28963E-4
20.11618	0.26928	2.29669E-4
20.12375	0.268	2.30362E-4
20.13132	0.26672	2.30992E-4
20.1389	0.26544	2.31271E-4
20.14647	0.26415	2.31551E-4
20.15404	0.26259	2.31797E-4
20.16162	0.26051	2.31982E-4
20.16919	0.25844	2.32166E-4
20.17676	0.25598	2.31516E-4
20.18434	0.2532	2.30182E-4
20.19191	0.25042	2.28847E-4
20.19949	0.24764	2.28188E-4
20.20706	0.24484	2.27757E-4
20.21463	0.24205	2.27325E-4
20.22221	0.23923	2.27711E-4
20.22978	0.23641	2.28143E-4
20.23735	0.23386	2.28739E-4
20.24493	0.23296	2.30309E-4
20.2525	0.23206	2.31879E-4
20.26007	0.23122	2.33425E-4
20.26765	0.23046	2.34924E-4
20.27522	0.22971	2.36423E-4
20.2828	0.22896	2.37592E-4
20.29037	0.22821	2.3848E-4
20.29794	0.22746	2.39369E-4
20.30552	0.22671	2.404E-4
20.31309	0.22595	2.41482E-4
20.32066	0.2252	2.42563E-4
20.32824	0.22445	2.4386E-4
20.33581	0.2237	2.45171E-4
20.34338	0.22295	2.46474E-4
20.35096	0.2222	2.47731E-4
20.35853	0.22145	2.48988E-4
20.3661	0.2207	2.50399E-4
20.37368	0.21996	2.52119E-4
20.38125	0.21921	2.53838E-4
20.38883	0.21823	2.55337E-4
20.3964	0.21703	2.56643E-4
20.40397	0.21583	2.57948E-4
20.41155	0.21447	2.59309E-4
20.41912	0.21304	2.6069E-4
20.42669	0.21161	2.62072E-4
20.43427	0.21018	2.64206E-4
20.44184	0.20875	2.66399E-4
20.44941	0.20731	2.68559E-4
20.45699	0.20588	2.70501E-4
20.46456	0.20445	2.72442E-4
20.47213	0.20302	2.7427E-4
20.47971	0.20159	2.75864E-4
20.48728	0.20017	2.77458E-4
20.49486	0.19875	2.79433E-4
20.50243	0.19734	2.81756E-4
20.51	0.19594	2.8408E-4
20.51758	0.19276	2.86825E-4
20.52515	0.18891	2.89734E-4
20.53272	0.18505	2.92643E-4
20.5403	0.1803	2.94258E-4
20.54787	0.17548	2.95759E-4
20.55544	0.17091	2.97281E-4
20.56302	0.1683	2.98952E-4
20.57059	0.16569	3.00622E-4
20.57817	0.16307	3.02065E-4
20.58574	0.16043	3.03013E-4
20.59331	0.1578	3.03962E-4
20.60089	0.15516	3.04863E-4
20.60846	0.15253	3.05719E-4
20.61603	0.1499	3.06575E-4
20.62361	0.14724	3.0832E-4
20.63118	0.14458	3.10425E-4
20.63875	0.14191	3.12529E-4
20.64633	0.14309	3.15813E-4
20.6539	0.14465	3.19212E-4
20.66147	0.14644	3.22707E-4
20.66905	0.15015	3.26985E-4
20.67662	0.15387	3.31264E-4
20.6842	0.15758	3.35806E-4
20.69177	0.16131	3.40943E-4
20.69934	0.16503	3.4608E-4
20.70692	0.16876	3.51921E-4
20.71449	0.1725	3.58454E-4
20.72206	0.17624	3.64987E-4
20.72964	0.17977	3.702E-4
20.73721	0.1832	3.74855E-4
20.74478	0.18664	3.7951E-4
20.75236	0.1811	3.81314E-4
20.75993	0.17458	3.82805E-4
20.76751	0.16908	3.84827E-4
20.77508	0.17289	3.91669E-4
20.78265	0.1767	3.98511E-4
20.79023	0.18049	4.05805E-4
20.7978	0.18421	4.14164E-4
20.80537	0.18794	4.22523E-4
20.81295	0.19166	4.3057E-4
20.82052	0.19539	4.38299E-4
20.82809	0.19912	4.46028E-4
20.83567	0.20286	4.5023E-4
20.84324	0.2066	4.52876E-4
20.85081	0.21034	4.55523E-4
20.85839	0.212	4.58512E-4
20.86596	0.2134	4.61542E-4
20.87354	0.21459	4.64625E-4
20.88111	0.21372	4.6823E-4
20.88868	0.21284	4.71836E-4
20.89626	0.21197	4.75448E-4
20.90383	0.21111	4.79077E-4
20.9114	0.21024	4.82706E-4
20.91898	0.20937	4.87525E-4
20.92655	0.20851	4.93597E-4
20.93412	0.20764	4.9967E-4
20.9417	0.20678	5.02997E-4
20.94927	0.20591	5.05061E-4
20.95684	0.20505	5.07125E-4
20.96442	0.20418	5.0751E-4
20.97199	0.20332	5.07673E-4
20.97957	0.20245	5.07822E-4
20.98714	0.20159	5.07822E-4
20.99471	0.20073	5.07822E-4
21.00229	0.19986	5.07769E-4
21.00986	0.199	5.0758E-4
21.01743	0.19813	5.07391E-4
21.02501	0.19727	5.07607E-4
21.03258	0.19641	5.08264E-4
21.04015	0.19554	5.08921E-4
21.04773	0.19468	5.10224E-4
21.0553	0.19382	5.11838E-4
21.06288	0.19296	5.13451E-4
21.07045	0.19209	5.14809E-4
21.07802	0.19122	5.16132E-4
21.0856	0.19049	5.17255E-4
21.09317	0.19153	5.15832E-4
21.10074	0.19256	5.14409E-4
21.10832	0.19377	5.11899E-4
21.11589	0.19541	5.06458E-4
21.12346	0.19706	5.01017E-4
21.13104	0.19871	4.95954E-4
21.13861	0.20037	4.91319E-4
21.14618	0.20202	4.86683E-4
21.15376	0.20368	4.82753E-4
21.16133	0.20533	4.79174E-4
21.16891	0.20699	4.75596E-4
21.17648	0.20864	4.72973E-4
21.18405	0.2103	4.70499E-4
21.19163	0.21195	4.68311E-4
21.1992	0.2136	4.70342E-4
21.20677	0.21524	4.72374E-4
21.21435	0.21643	4.7413E-4
21.22192	0.21632	4.75106E-4
21.22949	0.2162	4.76081E-4
21.23707	0.21451	4.75774E-4
21.24464	0.21097	4.7396E-4
21.25221	0.20743	4.72145E-4
21.25979	0.20393	4.69134E-4
21.26736	0.20044	4.655E-4
21.27494	0.19696	4.61866E-4
21.28251	0.19356	4.55463E-4
21.29008	0.19018	4.48595E-4
21.29766	0.18682	4.4177E-4
21.30523	0.18399	4.35711E-4
21.3128	0.18115	4.29653E-4
21.32038	0.17832	4.24409E-4
21.32795	0.17549	4.2158E-4
21.33552	0.17266	4.18751E-4
21.3431	0.16983	4.16781E-4
21.35067	0.167	4.1586E-4
21.35825	0.16417	4.14939E-4
21.36582	0.16134	4.11088E-4
21.37339	0.15851	4.05652E-4
21.38097	0.15568	4.00215E-4
21.38854	0.15285	3.92553E-4
21.39611	0.15002	3.8449E-4
21.40369	0.14719	3.76421E-4
21.41126	0.14437	3.68226E-4
21.41883	0.14154	3.60032E-4
21.42641	0.13868	3.51951E-4
21.43398	0.13573	3.44222E-4
21.44155	0.13277	3.36494E-4
21.44913	0.12854	3.28872E-4
21.4567	0.12268	3.21385E-4
21.46428	0.11682	3.13898E-4
21.47185	0.10975	3.07852E-4
21.47942	0.102	3.02617E-4
21.487	0.09425	2.97381E-4
21.49457	0.09515	2.94553E-4
21.50214	0.09772	2.9219E-4
21.50972	0.10029	2.89855E-4
21.51729	0.10294	2.88278E-4
21.52486	0.1056	2.867E-4
21.53244	0.10825	2.85374E-4
21.54001	0.1109	2.84866E-4
21.54759	0.11356	2.84358E-4
21.55516	0.11621	2.83096E-4
21.56273	0.11887	2.80845E-4
21.57031	0.12153	2.78594E-4
21.57788	0.12418	2.76877E-4
21.58545	0.12684	2.75471E-4
21.59303	0.12949	2.74065E-4
21.6006	0.13215	2.72591E-4
21.60817	0.13481	2.71103E-4
21.61575	0.13747	2.69619E-4
21.62332	0.14012	2.68294E-4
21.63089	0.14278	2.66969E-4
21.63847	0.14543	2.65938E-4
21.64604	0.14807	2.6592E-4
21.65362	0.15071	2.65901E-4
21.66119	0.1528	2.65407E-4
21.66876	0.15415	2.64265E-4
21.67634	0.1555	2.63124E-4
21.68391	0.15593	2.60391E-4
21.69148	0.15581	2.5669E-4
21.69906	0.15569	2.5299E-4
21.70663	0.15555	2.49067E-4
21.7142	0.15541	2.45095E-4
21.72178	0.15528	2.4115E-4
21.72935	0.15514	2.38698E-4
21.73692	0.155	2.36246E-4
21.7445	0.15486	2.33956E-4
21.75207	0.15473	2.32256E-4
21.75965	0.15459	2.30556E-4
21.76722	0.15445	2.28818E-4
21.77479	0.15432	2.27025E-4
21.78237	0.15418	2.25232E-4
21.78994	0.15405	2.23149E-4
21.79751	0.15391	2.20883E-4
21.80509	0.15378	2.18616E-4
21.81266	0.15364	2.16148E-4
21.82023	0.15351	2.13632E-4
21.82781	0.15337	2.11126E-4
21.83538	0.15324	2.09627E-4
21.84296	0.1531	2.08128E-4
21.85053	0.15297	2.06315E-4
21.8581	0.15283	2.03305E-4
21.86568	0.1527	2.00295E-4
21.87325	0.15258	1.9777E-4
21.88082	0.15247	1.95955E-4
21.8884	0.15236	1.94141E-4
21.89597	0.15115	1.92612E-4
21.90354	0.14922	1.9127E-4
21.91112	0.1473	1.89928E-4
21.91869	0.14507	1.88251E-4
21.92626	0.14277	1.86491E-4
21.93384	0.14047	1.84732E-4
21.94141	0.13818	1.84347E-4
21.94899	0.13588	1.83961E-4
21.95656	0.1336	1.8308E-4
21.96413	0.13139	1.80191E-4
21.97171	0.12918	1.77303E-4
21.97928	0.12716	1.73843E-4
21.98685	0.12541	1.69515E-4
21.99443	0.12367	1.65187E-4
22.002	0.12192	1.6062E-4
22.00957	0.12018	1.5589E-4
22.01715	0.11843	1.5116E-4
22.02472	0.11669	1.49197E-4
22.03229	0.11495	1.47955E-4
22.03987	0.1132	1.46713E-4
22.04744	0.11192	1.46064E-4
22.05502	0.11065	1.45419E-4
22.06259	0.10968	1.44809E-4
22.07016	0.11007	1.44346E-4
22.07774	0.11046	1.43884E-4
22.08531	0.11085	1.43315E-4
22.09288	0.11124	1.42579E-4
22.10046	0.11163	1.41843E-4
22.10803	0.11202	1.41486E-4
22.1156	0.11241	1.41395E-4
22.12318	0.1128	1.41305E-4
22.13075	0.1132	1.40798E-4
22.13833	0.11359	1.40177E-4
22.1459	0.11398	1.39556E-4
22.15347	0.11437	1.38094E-4
22.16105	0.11476	1.36617E-4
22.16862	0.11515	1.35111E-4
22.17619	0.11554	1.33478E-4
22.18377	0.11594	1.31844E-4
22.19134	0.11632	1.30412E-4
22.19891	0.11671	1.29311E-4
22.20649	0.11709	1.2821E-4
22.21406	0.11712	1.27919E-4
22.22163	0.11689	1.28224E-4
22.22921	0.11666	1.28528E-4
22.23678	0.11523	1.27427E-4
22.24436	0.11346	1.25918E-4
22.25193	0.11168	1.24409E-4
22.2595	0.10992	1.22769E-4
22.26708	0.10815	1.21126E-4
22.27465	0.10639	1.19572E-4
22.28222	0.10463	1.18449E-4
22.2898	0.10286	1.17326E-4
22.29737	0.1011	1.162E-4
22.30494	0.09934	1.15068E-4
22.31252	0.09757	1.13936E-4
22.32009	0.09586	1.13239E-4
22.32767	0.09418	1.12872E-4
22.33524	0.09251	1.12505E-4
22.34281	0.09243	1.12335E-4
22.35039	0.09283	1.12225E-4
22.35796	0.09323	1.12115E-4
22.36553	0.09375	1.12112E-4
22.37311	0.09428	1.12114E-4
22.38068	0.0948	1.12202E-4
22.38825	0.09533	1.12739E-4
22.39583	0.09585	1.13275E-4
22.4034	0.09638	1.13571E-4
22.41097	0.0969	1.13441E-4
22.41855	0.09743	1.1331E-4
22.42612	0.09796	1.12799E-4
22.4337	0.09848	1.11988E-4
22.44127	0.09901	1.11176E-4
22.44884	0.09954	1.10431E-4
22.45642	0.10006	1.09707E-4
22.46399	0.10059	1.08982E-4
22.47156	0.10112	1.08915E-4
22.47914	0.10164	1.08879E-4
22.48671	0.10214	1.08842E-4
22.49428	0.10251	1.08801E-4
22.50186	0.10288	1.08761E-4
22.50943	0.10317	1.08785E-4
22.517	0.1033	1.08928E-4
22.52458	0.10343	1.09071E-4
22.53215	0.10356	1.09095E-4
22.53973	0.1037	1.0902E-4
22.5473	0.10383	1.08946E-4
22.55487	0.10396	1.08565E-4
22.56245	0.1041	1.08079E-4
22.57002	0.10423	1.07594E-4
22.57759	0.10437	1.07113E-4
22.58517	0.1045	1.06633E-4
22.59274	0.10464	1.06133E-4
22.60031	0.10477	1.05522E-4
22.60789	0.10491	1.04911E-4
22.61546	0.10504	1.04448E-4
22.62304	0.10518	1.04268E-4
22.63061	0.10532	1.04088E-4
22.63818	0.10545	1.04122E-4
22.64576	0.10559	1.04336E-4
22.65333	0.10573	1.0455E-4
22.6609	0.10585	1.05098E-4
22.66848	0.10597	1.05764E-4
22.67605	0.10609	1.0643E-4
22.68362	0.10388	1.06586E-4
22.6912	0.10151	1.06708E-4
22.69877	0.0991	1.06773E-4
22.70634	0.09637	1.06475E-4
22.71392	0.09364	1.06177E-4
22.72149	0.09097	1.05769E-4
22.72907	0.08838	1.05141E-4
22.73664	0.0858	1.04513E-4
22.74421	0.08368	1.03686E-4
22.75179	0.08198	1.02683E-4
22.75936	0.08027	1.0168E-4
22.76693	0.07854	1.00855E-4
22.77451	0.0768	1.00096E-4
22.78208	0.07507	9.93372E-5
22.78965	0.07333	9.86861E-5
22.79723	0.0716	9.80434E-5
22.8048	0.06986	9.74432E-5
22.81237	0.06813	9.71378E-5
22.81995	0.06639	9.68323E-5
22.82752	0.06466	9.66723E-5
22.8351	0.06293	9.68151E-5
22.84267	0.0612	9.69578E-5
22.85024	0.05972	9.75461E-5
22.85782	0.05846	9.85412E-5
22.86539	0.05719	9.95362E-5
22.87296	0.05688	9.98382E-5
22.88054	0.05692	9.98719E-5
22.88811	0.05697	9.99056E-5
22.89568	0.057	9.98313E-5
22.90326	0.05703	9.97475E-5
22.91083	0.05707	9.96519E-5
22.91841	0.0571	9.94681E-5
22.92598	0.05713	9.92844E-5
22.93355	0.05716	9.90793E-5
22.94113	0.05719	9.8828E-5
22.9487	0.05722	9.85767E-5
22.95627	0.05725	9.90613E-5
22.96385	0.05729	1.00243E-4
22.97142	0.05732	1.01424E-4
22.97899	0.05735	1.02196E-4
22.98657	0.05738	1.02803E-4
22.99414	0.05742	1.03411E-4
23.00171	0.05745	1.04019E-4
23.00929	0.05748	1.04628E-4
23.01686	0.05752	1.05266E-4
23.02444	0.05755	1.06149E-4
23.03201	0.05758	1.07032E-4
23.03958	0.05762	1.07628E-4
23.04716	0.05765	1.07578E-4
23.05473	0.05769	1.07527E-4
23.0623	0.05773	1.07626E-4
23.06988	0.05777	1.07872E-4
23.07745	0.05781	1.08118E-4
23.08502	0.05743	1.08057E-4
23.0926	0.05687	1.07867E-4
23.10017	0.05631	1.07676E-4
23.10775	0.0556	1.07426E-4
23.11532	0.05488	1.0717E-4
23.12289	0.05416	1.07048E-4
23.13047	0.05344	1.08147E-4
23.13804	0.05272	1.09246E-4
23.14561	0.052	1.10078E-4
23.15319	0.05128	1.10279E-4
23.16076	0.05056	1.10481E-4
23.16833	0.04984	1.1089E-4
23.17591	0.04912	1.1151E-4
23.18348	0.0484	1.1213E-4
23.19105	0.04769	1.12978E-4
23.19863	0.04697	1.13926E-4
23.2062	0.04625	1.14875E-4
23.21378	0.04551	1.15777E-4
23.22135	0.04478	1.16672E-4
23.22892	0.04421	1.17481E-4
23.2365	0.04532	1.17408E-4
23.24407	0.04644	1.17335E-4
23.25164	0.04762	1.17502E-4
23.25922	0.04897	1.18262E-4
23.26679	0.05032	1.19022E-4
23.27436	0.05168	1.20071E-4
23.28194	0.05303	1.21425E-4
23.28951	0.05438	1.2278E-4
23.29708	0.05574	1.24303E-4
23.30466	0.0571	1.25903E-4
23.31223	0.05847	1.27503E-4
23.31981	0.0588	1.27884E-4
23.32738	0.059	1.28103E-4
23.33495	0.05917	1.28388E-4
23.34253	0.05891	1.29422E-4
23.3501	0.05866	1.30456E-4
23.35767	0.05841	1.3131E-4
23.36525	0.05815	1.31696E-4
23.37282	0.0579	1.32083E-4
23.38039	0.05764	1.32136E-4
23.38797	0.05739	1.31824E-4
23.39554	0.05714	1.31512E-4
23.40312	0.05688	1.31498E-4
23.41069	0.05663	1.31627E-4
23.41826	0.05638	1.31756E-4
23.42584	0.05612	1.31655E-4
23.43341	0.05587	1.31522E-4
23.44098	0.05562	1.3141E-4
23.44856	0.05537	1.31575E-4
23.45613	0.05511	1.31739E-4
23.4637	0.05486	1.31977E-4
23.47128	0.05461	1.32413E-4
23.47885	0.05436	1.32848E-4
23.48642	0.05411	1.33287E-4
23.494	0.05386	1.33729E-4
23.50157	0.05361	1.34171E-4
23.50915	0.05336	1.35039E-4
23.51672	0.05311	1.3612E-4
23.52429	0.05285	1.37201E-4
23.53187	0.0526	1.37748E-4
23.53944	0.05235	1.38212E-4
23.54701	0.05208	1.38667E-4
23.55459	0.05145	1.39004E-4
23.56216	0.05083	1.3934E-4
23.56973	0.05012	1.39717E-4
23.57731	0.04917	1.40209E-4
23.58488	0.04821	1.40701E-4
23.59245	0.04726	1.40761E-4
23.60003	0.0463	1.40314E-4
23.6076	0.04535	1.39867E-4
23.61518	0.04439	1.39488E-4
23.62275	0.04344	1.39143E-4
23.63032	0.04249	1.38799E-4
23.6379	0.04153	1.3856E-4
23.64547	0.04058	1.3834E-4
23.65304	0.03963	1.38135E-4
23.66062	0.03867	1.38202E-4
23.66819	0.03772	1.38269E-4
23.67576	0.03677	1.38518E-4
23.68334	0.03582	1.39302E-4
23.69091	0.03487	1.40087E-4
23.69849	0.03391	1.40368E-4
23.70606	0.03296	1.40037E-4
23.71363	0.03201	1.39705E-4
23.72121	0.03106	1.39135E-4
23.72878	0.03011	1.38436E-4
23.73635	0.02916	1.37736E-4
23.74393	0.02821	1.3667E-4
23.7515	0.02726	1.35538E-4
23.75907	0.02631	1.34397E-4
23.76665	0.02535	1.33059E-4
23.77422	0.0244	1.31721E-4
23.78179	0.02357	1.30608E-4
23.78937	0.02316	1.30192E-4
23.79694	0.02274	1.29776E-4
23.80452	0.02242	1.29631E-4
23.81209	0.02221	1.29831E-4
23.81966	0.022	1.30031E-4
23.82724	0.0218	1.30527E-4
23.83481	0.02159	1.31189E-4
23.84238	0.02139	1.31852E-4
23.84996	0.02118	1.32701E-4
23.85753	0.02098	1.33587E-4
23.8651	0.02077	1.34434E-4
23.87268	0.02057	1.34256E-4
23.88025	0.02036	1.34079E-4
23.88783	0.02016	1.33973E-4
23.8954	0.01996	1.34102E-4
23.90297	0.01975	1.3423E-4
23.91055	0.01955	1.34327E-4
23.91812	0.01934	1.34381E-4
23.92569	0.01914	1.34435E-4
23.93327	0.01894	1.34511E-4
23.94084	0.01874	1.34601E-4
23.94841	0.01853	1.34691E-4
23.95599	0.01833	1.35005E-4
23.96356	0.01813	1.35365E-4
23.97113	0.01793	1.3572E-4
23.97871	0.01773	1.3589E-4
23.98628	0.01752	1.3606E-4
23.99386	0.01732	1.36212E-4
24.00143	0.01712	1.363E-4
24.009	0.01692	1.36388E-4
24.01658	0.01672	1.3645E-4
24.02415	0.01652	1.36476E-4
24.03172	0.01631	1.36502E-4
24.0393	0.01637	1.36573E-4
24.04687	0.01658	1.3667E-4
24.05444	0.01679	1.36767E-4
24.06202	0.01708	1.36637E-4
24.06959	0.01737	1.36457E-4
24.07716	0.01767	1.36284E-4
24.08474	0.01797	1.36452E-4
24.09231	0.01826	1.3662E-4
24.09989	0.01856	1.36743E-4
24.10746	0.01886	1.36699E-4
24.11503	0.01916	1.36656E-4
24.12261	0.01946	1.36556E-4
24.13018	0.01975	1.36376E-4
24.13775	0.02005	1.36196E-4
24.14533	0.02035	1.36183E-4
24.1529	0.02065	1.36277E-4
24.16047	0.02095	1.36371E-4
24.16805	0.02125	1.36792E-4
24.17562	0.02155	1.37289E-4
24.1832	0.02185	1.37783E-4
24.19077	0.02215	1.37982E-4
24.19834	0.02245	1.38181E-4
24.20592	0.02275	1.38403E-4
24.21349	0.02305	1.38716E-4
24.22106	0.02335	1.39029E-4
24.22864	0.02365	1.39647E-4
24.23621	0.02395	1.40713E-4
24.24378	0.02425	1.4178E-4
24.25136	0.02455	1.4226E-4
24.25893	0.02485	1.42357E-4
24.2665	0.02515	1.42453E-4
24.27408	0.02525	1.42244E-4
24.28165	0.02531	1.41959E-4
24.28923	0.02537	1.41674E-4
24.2968	0.02485	1.41327E-4
24.30437	0.02433	1.4098E-4
24.31195	0.02382	1.40646E-4
24.31952	0.0233	1.40368E-4
24.32709	0.02279	1.40089E-4
24.33467	0.02227	1.39736E-4
24.34224	0.02176	1.39267E-4
24.34981	0.02124	1.38797E-4
24.35739	0.02073	1.38928E-4
24.36496	0.02021	1.39466E-4
24.37254	0.0197	1.40005E-4
24.38011	0.01918	1.40326E-4
24.38768	0.01867	1.4059E-4
24.39526	0.01816	1.40854E-4
24.40283	0.01764	1.40637E-4
24.4104	0.01713	1.40416E-4
24.41798	0.01661	1.40209E-4
24.42555	0.0161	1.40062E-4
24.43312	0.01559	1.39916E-4
24.4407	0.01508	1.39657E-4
24.44827	0.01456	1.39221E-4
24.45584	0.01405	1.38786E-4
24.46342	0.01354	1.38213E-4
24.47099	0.01303	1.37544E-4
24.47857	0.01252	1.36874E-4
24.48614	0.012	1.36353E-4
24.49371	0.01149	1.35872E-4
24.50129	0.01098	1.35391E-4
24.50886	0.01043	1.35442E-4
24.51643	0.00988	1.35502E-4
24.52401	0.00931	1.35606E-4
24.53158	0.00869	1.35908E-4
24.53915	0.00806	1.3621E-4
24.54673	0.00744	1.36173E-4
24.5543	0.00682	1.35581E-4
24.56187	0.0062	1.34989E-4
24.56945	0.00558	1.34349E-4
24.57702	0.00496	1.33674E-4
24.5846	0.00434	1.32999E-4
24.59217	0.00372	1.32576E-4
24.59974	0.0031	1.32227E-4
24.60732	0.00248	1.31878E-4
24.61489	0.00186	1.31473E-4
24.62246	0.00124	1.31066E-4
24.63004	7.16267E-4	1.30689E-4
24.63761	6.75141E-4	1.30462E-4
24.64518	6.34014E-4	1.30234E-4
24.65276	5.92888E-4	1.29942E-4
24.66033	5.51761E-4	1.29538E-4
24.66791	5.10634E-4	1.29135E-4
24.67548	4.69508E-4	1.28587E-4
24.68305	4.28381E-4	1.27929E-4
24.69063	3.87254E-4	1.27272E-4
24.6982	3.46128E-4	1.2633E-4
24.70577	3.05001E-4	1.25302E-4
24.71335	2.63875E-4	1.24275E-4
24.72092	2.22748E-4	1.24341E-4
24.72849	1.81621E-4	1.24449E-4
24.73607	2.48493E-4	1.24548E-4
24.74364	8.72839E-4	1.24599E-4
24.75121	0.0015	1.2465E-4
24.75879	0.00212	1.2465E-4
24.76636	0.00275	1.24559E-4
24.77394	0.00337	1.24467E-4
24.78151	0.004	1.24258E-4
24.78908	0.00462	1.23956E-4
24.79666	0.00525	1.23654E-4
24.80423	0.00587	1.23755E-4
24.8118	0.0065	1.23986E-4
24.81938	0.00712	1.24216E-4
24.82695	0.00775	1.24324E-4
24.83452	0.00838	1.24426E-4
24.8421	0.009	1.24504E-4
24.84967	0.00963	1.2445E-4
24.85724	0.01026	1.24395E-4
24.86482	0.01089	1.24263E-4
24.87239	0.01152	1.23987E-4
24.87997	0.01215	1.23711E-4
24.88754	0.01302	1.23095E-4
24.89511	0.01408	1.222E-4
24.90269	0.01515	1.21306E-4
24.91026	0.01657	1.21256E-4
24.91783	0.01811	1.21491E-4
24.92541	0.01965	1.21726E-4
24.93298	0.0212	1.22158E-4
24.94055	0.02275	1.22601E-4
24.94813	0.02428	1.23038E-4
24.9557	0.02564	1.23429E-4
24.96328	0.027	1.2382E-4
24.97085	0.02733	1.24171E-4
24.97842	0.02567	1.24443E-4
24.986	0.02402	1.24714E-4
24.99357	0.02226	1.24727E-4
25.00114	0.02041	1.2452E-4
25.00872	0.01856	1.24313E-4
25.01629	0.01672	1.23972E-4
25.02386	0.01488	1.23584E-4
25.03144	0.01304	1.23195E-4
25.03901	0.0112	1.22663E-4
25.04658	0.00936	1.22121E-4
25.05416	0.0075	1.21563E-4
25.06173	0.00555	1.20908E-4
25.06931	0.00361	1.20253E-4
25.07688	0.0023	1.19542E-4
25.08445	0.00227	1.18719E-4
25.09203	0.00225	1.17897E-4
25.0996	0.00222	1.17062E-4
25.10717	0.0022	1.16216E-4
25.11475	0.00217	1.15371E-4
25.12232	0.00215	1.14698E-4
25.12989	0.00212	1.14089E-4
25.13747	0.0021	1.1348E-4
25.14504	0.00207	1.13103E-4
25.15262	0.00205	1.12745E-4
25.16019	0.00202	1.12361E-4
25.16776	0.002	1.11793E-4
25.17534	0.00197	1.11226E-4
25.18291	0.00195	1.10808E-4
25.19048	0.00192	1.10701E-4
25.19806	0.0019	1.10594E-4
25.20563	0.00187	1.10294E-4
25.2132	0.00185	1.0982E-4
25.22078	0.00182	1.09345E-4
25.22835	0.0018	1.08889E-4
25.23592	0.00177	1.08441E-4
25.2435	0.00175	1.07993E-4
25.25107	0.00172	1.08301E-4
25.25865	0.0017	1.08675E-4
25.26622	0.00167	1.09005E-4
25.27379	0.00165	1.08998E-4
25.28137	0.00162	1.08992E-4
25.28894	0.0016	1.08954E-4
25.29651	0.00157	1.0885E-4
25.30409	0.00155	1.08746E-4
25.31166	0.00152	1.08791E-4
25.31923	0.0015	1.08976E-4
25.32681	0.00147	1.09161E-4
25.33438	0.00145	1.09645E-4
25.34195	0.00142	1.10249E-4
25.34953	0.00139	1.10853E-4
25.3571	0.00137	1.10951E-4
25.36468	0.00134	1.10999E-4
25.37225	0.00132	1.1104E-4
25.37982	0.00129	1.11019E-4
25.3874	0.00127	1.10998E-4
25.39497	0.00124	1.11001E-4
25.40254	0.00122	1.11059E-4
25.41012	0.00119	1.11116E-4
25.41769	0.00117	1.11234E-4
25.42526	0.00114	1.11411E-4
25.43284	0.00112	1.11588E-4
25.44041	0.00109	1.11625E-4
25.44799	0.00107	1.11604E-4
25.45556	0.00104	1.11584E-4
25.46313	0.00102	1.12335E-4
25.47071	9.92631E-4	1.13171E-4
25.47828	9.67486E-4	1.13979E-4
25.48585	9.42342E-4	1.14526E-4
25.49343	9.17197E-4	1.15073E-4
25.501	8.92053E-4	1.15718E-4
25.50857	8.66909E-4	1.16592E-4
25.51615	8.41764E-4	1.17466E-4
25.52372	8.1662E-4	1.1881E-4
25.53129	7.91475E-4	1.20632E-4
25.53887	7.66331E-4	1.22455E-4
25.54644	7.41187E-4	1.23524E-4
25.55402	7.16042E-4	1.24261E-4
25.56159	6.90898E-4	1.24997E-4
25.56916	6.65753E-4	1.25901E-4
25.57674	6.40609E-4	1.26825E-4
25.58431	6.15464E-4	1.27725E-4
25.59188	5.9032E-4	1.28374E-4
25.59946	5.65176E-4	1.29023E-4
25.60703	5.40031E-4	1.29556E-4
25.6146	5.14887E-4	1.29801E-4
25.62218	4.89742E-4	1.30046E-4
25.62975	0.00107	1.30398E-4
25.63732	0.00228	1.30864E-4
25.6449	0.0035	1.31331E-4
25.65247	0.00471	1.31525E-4
25.66005	0.00592	1.31595E-4
25.66762	0.00713	1.31664E-4
25.67519	0.00734	1.31605E-4
25.68277	0.00742	1.31528E-4
25.69034	0.00747	1.31458E-4
25.69791	0.00724	1.31471E-4
25.70549	0.00701	1.31485E-4
25.71306	0.00678	1.31582E-4
25.72063	0.00656	1.31895E-4
25.72821	0.00633	1.32208E-4
25.73578	0.0061	1.32799E-4
25.74336	0.00587	1.33694E-4
25.75093	0.00564	1.34589E-4
25.7585	0.00541	1.35066E-4
25.76608	0.00518	1.35341E-4
25.77365	0.00495	1.35617E-4
25.78122	0.00473	1.35738E-4
25.7888	0.0045	1.35837E-4
25.79637	0.00427	1.35955E-4
25.80394	0.00404	1.36312E-4
25.81152	0.00382	1.36669E-4
25.81909	0.00359	1.36811E-4
25.82666	0.00336	1.36372E-4
25.83424	0.00314	1.35933E-4
25.84181	0.00291	1.36157E-4
25.84939	0.00268	1.37135E-4
25.85696	0.00246	1.38113E-4
25.86453	0.00227	1.39001E-4
25.87211	0.0021	1.39846E-4
25.87968	0.00193	1.4069E-4
25.88725	0.00179	1.40995E-4
25.89483	0.00166	1.41216E-4
25.9024	0.00153	1.41429E-4
25.90997	0.00141	1.41522E-4
25.91755	0.00128	1.41616E-4
25.92512	0.00115	1.41847E-4
25.9327	0.00102	1.42469E-4
25.94027	8.91993E-4	1.43091E-4
25.94784	7.64098E-4	1.43823E-4
25.95542	6.36529E-4	1.44685E-4
25.96299	5.0896E-4	1.45546E-4
25.97056	3.81738E-4	1.46293E-4
25.97814	2.54695E-4	1.46979E-4
25.98571	1.27653E-4	1.47665E-4
25.99328	1.4443E-4	1.47617E-4
26.00086	1.85412E-4	1.47446E-4
26.00843	2.26394E-4	1.47306E-4
26.016	2.67375E-4	1.47727E-4
26.02358	3.08357E-4	1.48147E-4
26.03115	3.49339E-4	1.48584E-4
26.03873	3.90321E-4	1.49066E-4
26.0463	4.31303E-4	1.49548E-4
26.05387	4.72284E-4	1.50031E-4
26.06145	5.13266E-4	1.50513E-4
26.06902	5.54248E-4	1.50995E-4
26.07659	5.9523E-4	1.51433E-4
26.08417	6.36211E-4	1.51847E-4
26.09174	6.77193E-4	1.52262E-4
26.09931	7.18175E-4	1.52404E-4
26.10689	7.59157E-4	1.52497E-4
26.11446	8.00138E-4	1.52611E-4
26.12203	8.4112E-4	1.53168E-4
26.12961	8.82102E-4	1.53725E-4
26.13718	9.23084E-4	1.54438E-4
26.14476	9.64066E-4	1.55637E-4
26.15233	0.00101	1.56836E-4
26.1599	0.00105	1.5823E-4
26.16748	0.00109	1.59873E-4
26.17505	0.00113	1.61515E-4
26.18262	0.00145	1.62901E-4
26.1902	0.00193	1.64142E-4
26.19777	0.00241	1.65383E-4
26.20534	0.00289	1.66418E-4
26.21292	0.00337	1.67413E-4
26.22049	0.00385	1.684E-4
26.22807	0.00433	1.69201E-4
26.23564	0.00481	1.70001E-4
26.24321	0.00528	1.70807E-4
26.25079	0.00574	1.7163E-4
26.25836	0.00619	1.72453E-4
26.26593	0.00586	1.73332E-4
26.27351	0.00451	1.74284E-4
26.28108	0.00315	1.75235E-4
26.28865	0.00259	1.75757E-4
26.29623	0.00251	1.76028E-4
26.3038	0.00243	1.76298E-4
26.31137	0.00235	1.7647E-4
26.31895	0.00226	1.76622E-4
26.32652	0.00218	1.76779E-4
26.3341	0.0021	1.77161E-4
26.34167	0.00202	1.77542E-4
26.34924	0.00193	1.78027E-4
26.35682	0.00185	1.78869E-4
26.36439	0.00177	1.79711E-4
26.37196	0.00169	1.81009E-4
26.37954	0.00161	1.82929E-4
26.38711	0.00152	1.84849E-4
26.39468	0.00144	1.87351E-4
26.40226	0.00136	1.90206E-4
26.40983	0.00128	1.93061E-4
26.4174	0.00119	1.95618E-4
26.42498	0.00111	1.98109E-4
26.43255	0.00103	2.00588E-4
26.44013	9.46641E-4	2.02397E-4
26.4477	8.64282E-4	2.04206E-4
26.45527	0.00107	2.05942E-4
26.46285	0.00231	2.07413E-4
26.47042	0.00355	2.08884E-4
26.47799	0.0048	2.10551E-4
26.48557	0.00604	2.12494E-4
26.49314	0.00728	2.14436E-4
26.50071	0.00852	2.16146E-4
26.50829	0.00977	2.17708E-4
26.51586	0.01101	2.19269E-4
26.52344	0.01225	2.20836E-4
26.53101	0.0135	2.22404E-4
26.53858	0.01474	2.23977E-4
26.54616	0.01601	2.26115E-4
26.55373	0.01728	2.28253E-4
26.5613	0.01811	2.30118E-4
26.56888	0.01726	2.30941E-4
26.57645	0.01642	2.31765E-4
26.58402	0.0153	2.33266E-4
26.5916	0.01378	2.35763E-4
26.59917	0.01225	2.38259E-4
26.60674	0.01073	2.40715E-4
26.61432	0.0092	2.43145E-4
26.62189	0.00767	2.45575E-4
26.62947	0.00614	2.51578E-4
26.63704	0.00462	2.58464E-4
26.64461	0.00309	2.65352E-4
26.65219	0.00306	3.04525E-4
26.65976	0.00304	3.43697E-4
26.66733	0.00302	3.75601E-4
26.67491	0.00299	3.78115E-4
26.68248	0.00297	3.80629E-4
26.69005	0.00294	3.81078E-4
26.69763	0.00292	3.78383E-4
26.7052	0.00289	3.75687E-4
26.71278	0.00287	3.73086E-4
26.72035	0.00284	3.7055E-4
26.72792	0.00282	3.68014E-4
26.7355	0.00279	3.64886E-4
26.74307	0.00277	3.61603E-4
26.75064	0.00274	3.5832E-4
26.75822	0.00272	3.58475E-4
26.76579	0.00269	3.58661E-4
26.77336	0.00267	3.58754E-4
26.78094	0.00264	3.58445E-4
26.78851	0.00262	3.58135E-4
26.79608	0.00259	3.57516E-4
26.80366	0.00257	3.56406E-4
26.81123	0.00254	3.55296E-4
26.81881	0.00252	3.53685E-4
26.82638	0.00249	3.5172E-4
26.83395	0.00247	3.49754E-4
26.84153	0.00245	3.48434E-4
26.8491	0.00242	3.47291E-4
26.85667	0.0024	3.46149E-4
26.86425	0.00237	3.44629E-4
26.87182	0.00235	3.43102E-4
26.87939	0.00232	3.41612E-4
26.88697	0.0023	3.40285E-4
26.89454	0.00227	3.38958E-4
26.90211	0.00225	3.3763E-4
26.90969	0.00222	3.363E-4
26.91726	0.0022	3.3497E-4
26.92484	0.00217	3.32471E-4
26.93241	0.00215	3.29114E-4
26.93998	0.00212	3.25757E-4
26.94756	0.0021	3.23815E-4
26.95513	0.00207	3.22284E-4
26.9627	0.00205	3.20754E-4
26.97028	0.00337	3.19771E-4
26.97785	0.00473	3.18804E-4
26.98542	0.00609	3.17781E-4
26.993	0.00745	3.16483E-4
27.00057	0.00881	3.15185E-4
27.00815	0.01017	3.13585E-4
27.01572	0.01154	3.1147E-4
27.02329	0.0129	3.09356E-4
27.03087	0.01426	3.07194E-4
27.03844	0.01562	3.04997E-4
27.04601	0.01698	3.02799E-4
27.05359	0.01834	3.48845E-4
27.06116	0.01971	4.09643E-4
27.06873	0.02107	4.70441E-4
27.07631	0.02243	5.25491E-4
27.08388	0.02379	5.80328E-4
27.09145	0.02515	6.2609E-4
27.09903	0.02652	6.24986E-4
27.1066	0.02788	6.23883E-4
27.11418	0.02928	6.23755E-4
27.12175	0.03075	6.25357E-4
27.12932	0.03223	6.2696E-4
27.1369	0.03434	6.28628E-4
27.14447	0.03695	6.30349E-4
27.15204	0.03957	6.32069E-4
27.15962	0.0422	6.33522E-4
27.16719	0.04485	6.3489E-4
27.17476	0.04749	6.36257E-4
27.18234	0.04719	6.35925E-4
27.18991	0.04676	6.35513E-4
27.19748	0.04546	6.34777E-4
27.20506	0.03941	6.32246E-4
27.21263	0.03335	6.29715E-4
27.22021	0.02728	6.27834E-4
27.22778	0.02121	6.27151E-4
27.23535	0.01513	6.26467E-4
27.24293	0.01132	6.26828E-4
27.2505	0.00936	6.28045E-4
27.25807	0.00741	6.29261E-4
27.26565	0.00692	6.2966E-4
27.27322	0.00692	6.29783E-4
27.28079	0.00692	6.29905E-4
27.28837	0.00694	6.26034E-4
27.29594	0.00695	6.21936E-4
27.30352	0.00697	6.18042E-4
27.31109	0.00698	6.15364E-4
27.31866	0.007	6.12686E-4
27.32624	0.00701	6.09566E-4
27.33381	0.00703	6.05598E-4
27.34138	0.00704	6.0163E-4
27.34896	0.00706	5.97304E-4
27.35653	0.00707	5.92675E-4
27.3641	0.00709	5.88045E-4
27.37168	0.00697	5.83284E-4
27.37925	0.00681	5.78477E-4
27.38682	0.00665	5.7367E-4
27.3944	0.00543	5.70625E-4
27.40197	0.00414	5.67699E-4
27.40955	0.00301	5.65124E-4
27.41712	0.00293	5.64801E-4
27.42469	0.00285	5.64479E-4
27.43227	0.00277	5.64086E-4
27.43984	0.00269	5.63553E-4
27.44741	0.00261	5.63019E-4
27.45499	0.00254	5.62386E-4
27.46256	0.00246	5.61663E-4
27.47013	0.00238	5.6094E-4
27.47771	0.0023	5.6177E-4
27.48528	0.00222	5.63175E-4
27.49286	0.00214	5.6458E-4
27.50043	0.00206	5.64838E-4
27.508	0.00199	5.65008E-4
27.51558	0.00191	5.65033E-4
27.52315	0.00183	5.64059E-4
27.53072	0.00175	5.63086E-4
27.5383	0.00167	5.61761E-4
27.54587	0.00159	5.59702E-4
27.55344	0.00151	5.57644E-4
27.56102	0.00144	5.55027E-4
27.56859	0.00136	5.519E-4
27.57616	0.00128	5.48774E-4
27.58374	0.0012	5.46309E-4
27.59131	0.00112	5.441E-4
27.59889	0.00104	5.41891E-4
27.60646	9.64426E-4	5.41587E-4
27.61403	8.85829E-4	5.41451E-4
27.62161	8.92781E-4	5.41446E-4
27.62918	0.00154	5.42433E-4
27.63675	0.0022	5.43419E-4
27.64433	0.00285	5.44601E-4
27.6519	0.0035	5.46209E-4
27.65947	0.00415	5.47816E-4
27.66705	0.0048	5.50287E-4
27.67462	0.00546	5.53577E-4
27.68219	0.00611	5.56866E-4
27.68977	0.00676	5.55038E-4
27.69734	0.00742	5.51137E-4
27.70492	0.00807	5.47236E-4
27.71249	0.00872	5.42724E-4
27.72006	0.00938	5.38151E-4
27.72764	0.01003	5.33745E-4
27.73521	0.01068	5.3071E-4
27.74278	0.01134	5.27676E-4
27.75036	0.01199	5.25591E-4
27.75793	0.01263	5.25657E-4
27.7655	0.01328	5.25723E-4
27.77308	0.01388	5.263E-4
27.78065	0.01444	5.27379E-4
27.78823	0.01499	5.28457E-4
27.7958	0.01555	5.2955E-4
27.80337	0.0161	5.3065E-4
27.81095	0.01665	5.31749E-4
27.81852	0.01721	5.33249E-4
27.82609	0.01776	5.34793E-4
27.83367	0.01831	5.36414E-4
27.84124	0.01887	5.38739E-4
27.84881	0.01942	5.41063E-4
27.85639	0.01998	5.42462E-4
27.86396	0.02053	5.41674E-4
27.87153	0.02109	5.40885E-4
27.87911	0.02164	5.40791E-4
27.88668	0.0222	5.41405E-4
27.89426	0.02275	5.42018E-4
27.90183	0.0233	5.42317E-4
27.9094	0.02384	5.42478E-4
27.91698	0.02438	5.42639E-4
27.92455	0.02374	5.41387E-4
27.93212	0.02296	5.39964E-4
27.9397	0.02216	5.38599E-4
27.94727	0.02115	5.37824E-4
27.95484	0.02014	5.37049E-4
27.96242	0.01913	5.36393E-4
27.96999	0.01812	5.36031E-4
27.97757	0.01711	5.3567E-4
27.98514	0.0161	5.34992E-4
27.99271	0.01509	5.33982E-4
28.00029	0.01408	5.32971E-4
28.00786	0.01307	5.32225E-4
28.01543	0.01206	5.316E-4
28.02301	0.01105	5.30976E-4
28.03058	0.01004	5.32431E-4
28.03815	0.00903	5.34162E-4
28.04573	0.00801	5.35611E-4
28.0533	0.00686	5.33866E-4
28.06087	0.0057	5.32122E-4
28.06845	0.00487	5.3088E-4
28.07602	0.00485	5.30935E-4
28.0836	0.00483	5.30991E-4
28.09117	0.00481	5.31227E-4
28.09874	0.0048	5.3166E-4
28.10632	0.00478	5.32093E-4
28.11389	0.00476	5.32004E-4
28.12146	0.00475	5.31664E-4
28.12904	0.00473	5.31324E-4
28.13661	0.00471	5.33054E-4
28.14418	0.0047	5.35082E-4
28.15176	0.00468	5.36975E-4
28.15933	0.00466	5.37122E-4
28.1669	0.00464	5.37268E-4
28.17448	0.00463	5.36933E-4
28.18205	0.00461	5.35297E-4
28.18963	0.00459	5.33662E-4
28.1972	0.00458	5.31952E-4
28.20477	0.00456	5.30157E-4
28.21235	0.00454	5.28363E-4
28.21992	0.00453	5.27354E-4
28.22749	0.00451	5.26737E-4
28.23507	0.00449	5.2612E-4
28.24264	0.00447	5.23649E-4
28.25021	0.00446	5.20887E-4
28.25779	0.00444	5.18161E-4
28.26536	0.00442	5.15972E-4
28.27294	0.00441	5.13782E-4
28.28051	0.00439	5.11732E-4
28.28808	0.00437	5.10078E-4
28.29566	0.00436	5.08423E-4
28.30323	0.00434	5.06919E-4
28.3108	0.00432	5.05592E-4
28.31838	0.00431	5.04266E-4
28.32595	0.00429	5.03664E-4
28.33352	0.00427	5.0344E-4
28.3411	0.00425	5.03216E-4
28.34867	0.00424	5.03774E-4
28.35624	0.00422	5.04464E-4
28.36382	0.0042	5.05159E-4
28.37139	0.00419	5.05949E-4
28.37897	0.00417	5.06739E-4
28.38654	0.00415	5.07369E-4
28.39411	0.00414	5.07522E-4
28.40169	0.00412	5.07676E-4
28.40926	0.0041	5.07258E-4
28.41683	0.00408	5.06142E-4
28.42441	0.00407	5.05027E-4
28.43198	0.00405	5.03461E-4
28.43955	0.00403	5.01651E-4
28.44713	0.00402	4.99841E-4
28.4547	0.004	4.99418E-4
28.46227	0.00398	4.99245E-4
28.46985	0.00397	4.98982E-4
28.47742	0.00395	4.96794E-4
28.485	0.00393	4.94607E-4
28.49257	0.00391	4.93028E-4
28.50014	0.0039	4.93345E-4
28.50772	0.00388	4.93662E-4
28.51529	0.00386	4.93007E-4
28.52286	0.00385	4.91123E-4
28.53044	0.00383	4.89238E-4
28.53801	0.00381	4.86495E-4
28.54558	0.0038	4.83269E-4
28.55316	0.00378	4.80042E-4
28.56073	0.00376	4.76475E-4
28.56831	0.00374	4.72842E-4
28.57588	0.00373	4.69223E-4
28.58345	0.00371	4.65974E-4
28.59103	0.00369	4.62726E-4
28.5986	0.00368	4.59926E-4
28.60617	0.00366	4.58596E-4
28.61375	0.00364	4.57266E-4
28.62132	0.00363	4.56288E-4
28.62889	0.00361	4.55773E-4
28.63647	0.00359	4.55257E-4
28.64404	0.00358	4.5493E-4
28.65161	0.00356	4.54714E-4
28.65919	0.00354	4.54498E-4
28.66676	0.00352	4.54478E-4
28.67434	0.00351	4.54499E-4
28.68191	0.00349	4.54534E-4
28.68948	0.00347	4.55068E-4
28.69706	0.00346	4.55601E-4
28.70463	0.00344	4.56212E-4
28.7122	0.00342	4.57085E-4
28.71978	0.00341	4.57959E-4
28.72735	0.00339	4.58566E-4
28.73492	0.00337	4.58811E-4
28.7425	0.00335	4.59056E-4
28.75007	0.00334	4.5907E-4
28.75765	0.00332	4.58944E-4
28.76522	0.0033	4.58817E-4
28.77279	0.00507	4.58882E-4
28.78037	0.00722	4.58989E-4
28.78794	0.00938	4.59162E-4
28.79551	0.01154	4.62949E-4
28.80309	0.01371	4.66736E-4
28.81066	0.01582	4.70298E-4
28.81823	0.01775	4.73043E-4
28.82581	0.01968	4.75789E-4
28.83338	0.02017	4.77326E-4
28.84095	0.01864	4.77155E-4
28.84853	0.01711	4.76985E-4
28.8561	0.01544	4.75836E-4
28.86368	0.01368	4.74067E-4
28.87125	0.01192	4.72299E-4
28.87882	0.01016	4.68966E-4
28.8864	0.00841	4.65269E-4
28.89397	0.00665	4.6158E-4
28.90154	0.00489	4.58736E-4
28.90912	0.00314	4.55893E-4
28.91669	0.00138	4.53191E-4
28.92426	-3.77362E-4	4.51034E-4
28.93184	-0.00213	4.48878E-4
28.93941	-0.00389	4.46993E-4
28.94698	-0.00565	4.45508E-4
28.95456	-0.0074	4.44022E-4
28.96213	-0.00916	4.42793E-4
28.96971	-0.01092	4.41731E-4
28.97728	-0.01267	4.40668E-4
28.98485	-0.01443	4.40559E-4
28.99243	-0.01619	4.40685E-4
29	-0.01794	4.40811E-4
