2.5	-0.08086
2.50757	-0.07122
2.51515	-0.06157
2.52272	-0.05192
2.53029	-0.04227
2.53787	-0.01552
2.54544	0.02624
2.55302	0.04752
2.56059	0.00752
2.56816	-0.0031
2.57574	-0.00211
2.58331	0.02235
2.59088	0.01484
2.59846	0.02809
2.60603	0.01956
2.6136	-0.00311
2.62118	-0.00311
2.62875	-0.02545
2.63632	-0.1016
2.6439	-0.04386
2.65147	-0.00835
2.65905	-0.02615
2.66662	-0.00312
2.67419	-0.00312
2.68177	-0.00202
2.68934	-0.00562
2.69691	-0.00312
2.70449	-0.00312
2.71206	-0.00313
2.71963	-0.00313
2.72721	-0.00313
2.73478	-0.0021
2.74235	0.0174
2.74993	0.0369
2.7575	0.05626
2.76508	0.08077
2.77265	0.10008
2.78022	0.11911
2.7878	0.1471
2.79537	0.17658
2.80294	0.22332
2.81052	0.2641
2.81809	0.31759
2.82566	0.35327
2.83324	0.40645
2.84081	0.4601
2.84839	0.50895
2.85596	0.58282
2.86353	0.62588
2.87111	0.6801
2.87868	0.76857
2.88625	0.8499
2.89383	0.95265
2.9014	1.01438
2.90897	1.07195
2.91655	1.14002
2.92412	1.20724
2.93169	1.27854
2.93927	1.34182
2.94684	1.40279
2.95442	1.39866
2.96199	1.39205
2.96956	1.45046
2.97714	1.54282
2.98471	1.56317
2.99228	1.58383
2.99986	1.60529
3.00743	1.63059
3.015	1.70011
3.02258	1.74365
3.03015	1.79323
3.03773	1.83602
3.0453	1.81007
3.05287	1.84036
3.06045	1.87055
3.06802	1.91399
3.07559	1.88927
3.08317	1.86456
3.09074	1.85149
3.09831	1.8268
3.10589	1.80362
3.11346	1.78681
3.12103	1.74112
3.12861	1.69848
3.13618	1.63773
3.14376	1.57339
3.15133	1.52039
3.1589	1.49951
3.16648	1.45591
3.17405	1.38588
3.18162	1.30413
3.1892	1.24326
3.19677	1.196
3.20434	1.17596
3.21192	1.15811
3.21949	1.0982
3.22706	1.05032
3.23464	0.99749
3.24221	0.9594
3.24979	0.93497
3.25736	0.90939
3.26493	0.8524
3.27251	0.80927
3.28008	0.78108
3.28765	0.75156
3.29523	0.71119
3.3028	0.69194
3.31037	0.67141
3.31795	0.62333
3.32552	0.59761
3.3331	0.58105
3.34067	0.55321
3.34824	0.51391
3.35582	0.49364
3.36339	0.47974
3.37096	0.46483
3.37854	0.44222
3.38611	0.42778
3.39368	0.42341
3.40126	0.41852
3.40883	0.41046
3.4164	0.40239
3.42398	0.3895
3.43155	0.38206
3.43913	0.37694
3.4467	0.36873
3.45427	0.36075
3.46185	0.35859
3.46942	0.35644
3.47699	0.33604
3.48457	0.31679
3.49214	0.30275
3.49971	0.28957
3.50729	0.28147
3.51486	0.27336
3.52243	0.26558
3.53001	0.26113
3.53758	0.25667
3.54516	0.24627
3.55273	0.23343
3.5603	0.22364
3.56788	0.21399
3.57545	0.19598
3.58302	0.18387
3.5906	0.18191
3.59817	0.17995
3.60574	0.17812
3.61332	0.17601
3.62089	0.17275
3.62847	0.16949
3.63604	0.16623
3.64361	0.16174
3.65119	0.15136
3.65876	0.14022
3.66633	0.12552
3.67391	0.11766
3.68148	0.11314
3.68905	0.10862
3.69663	0.10474
3.7042	0.10365
3.71177	0.10255
3.71935	0.10134
3.72692	0.10007
3.7345	0.09623
3.74207	0.09094
3.74964	0.08565
3.75722	0.10543
3.76479	0.09761
3.77236	0.08984
3.77994	0.08233
3.78751	0.07481
3.79508	0.06797
3.80266	0.0627
3.81023	0.05743
3.81781	0.05216
3.82538	0.04794
3.83295	0.04315
3.84053	0.03758
3.8481	0.03209
3.85567	0.02927
3.86325	0.02644
3.87082	0.02361
3.87839	0.02079
3.88597	0.01796
3.89354	0.01069
3.90111	0.00266
3.90869	-0.00295
3.91626	-0.00141
3.92384	1.28569E-4
3.93141	0.00167
3.93898	0.0032
3.94656	0.00472
3.95413	0.00139
3.9617	-0.00195
3.96928	-8.46949E-4
3.97685	0.00345
3.98442	0.00775
3.992	0.01177
3.99957	0.00845
4.00714	0.00513
4.01472	0.00181
4.02229	-0.00151
4.02987	0.0089
4.03744	0.01365
4.04501	0.00736
4.05259	0.00108
4.06016	-0.00215
4.06773	0.00193
4.07531	0.00601
4.08288	0.01009
4.09045	0.01131
4.09803	0.00195
4.1056	0.00321
4.11318	0.01836
4.12075	0.03351
4.12832	0.02638
4.1359	0.01588
4.14347	0.00744
4.15104	0.00124
4.15862	-0.00335
4.16619	-0.00335
4.17376	-0.00335
4.18134	-0.00335
4.18891	-0.0147
4.19648	-0.01734
4.20406	0.00352
4.21163	0.0107
4.21921	0.07572
4.22678	0.13128
4.23435	0.2924
4.24193	0.62464
4.2495	0.96973
4.25707	1.40775
4.26465	2.20453
4.27222	1.57267
4.27979	0.97623
4.28737	0.4539
4.29494	0.18634
4.30252	0.11231
4.31009	0.08475
4.31766	0.07503
4.32524	0.06193
4.33281	0.06042
4.34038	0.05333
4.34796	0.06036
4.35553	0.04102
4.3631	0.05134
4.37068	0.02914
4.37825	0.06852
4.38582	0.08229
4.3934	0.08112
4.40097	0.06349
4.40855	0.06643
4.41612	0.0748
4.42369	0.05757
4.43127	0.05528
4.43884	0.05828
4.44641	0.07389
4.45399	0.07934
4.46156	0.0811
4.46913	0.11457
4.47671	0.09479
4.48428	0.11366
4.49185	0.09263
4.49943	0.0951
4.507	0.07422
4.51458	0.08848
4.52215	0.11113
4.52972	0.10443
4.5373	0.08813
4.54487	0.09265
4.55244	0.10994
4.56002	0.09415
4.56759	0.09973
4.57516	0.07915
4.58274	0.07719
4.59031	0.09572
4.59789	0.09183
4.60546	0.11948
4.61303	0.1271
4.62061	0.09831
4.62818	0.11148
4.63575	0.07509
4.64333	0.04143
4.6509	0.07178
4.65847	0.03663
4.66605	0.13177
4.67362	0.29367
4.68119	0.19483
4.68877	0.08923
4.69634	0.06958
4.70392	0.07718
4.71149	0.08175
4.71906	0.06623
4.72664	0.06129
4.73421	0.06186
4.74178	0.04636
4.74936	0.07839
4.75693	0.07173
4.7645	0.07433
4.77208	0.05153
4.77965	0.03704
4.78722	0.05801
4.7948	0.05321
4.80237	0.07157
4.80995	0.05735
4.81752	0.05472
4.82509	0.05822
4.83267	0.07301
4.84024	0.07491
4.84781	0.06186
4.85539	0.0866
4.86296	0.06467
4.87053	0.06069
4.87811	0.06323
4.88568	0.05101
4.89326	0.03508
4.90083	0.08349
4.9084	0.05787
4.91598	0.04432
4.92355	0.06363
4.93112	0.05646
4.9387	0.0493
4.94627	0.04303
4.95384	0.03751
4.96142	0.032
4.96899	0.02649
4.97656	0.02097
4.98414	0.01546
4.99171	0.00995
4.99929	0.00637
5.00686	0.00301
5.01443	-3.63578E-4
5.02201	-0.00335
5.02958	-0.00335
5.03715	-0.00335
5.04473	-0.00335
5.0523	-0.00335
5.05987	-0.00335
5.06745	-0.00335
5.07502	-0.00309
5.0826	-0.00124
5.09017	6.16726E-4
5.09774	0.00247
5.10532	0.00432
5.11289	0.00617
5.12046	0.00803
5.12804	0.00318
5.13561	-0.00313
5.14318	-0.00134
5.15076	4.46697E-4
5.15833	0.00223
5.1659	0.00402
5.17348	0.00581
5.18105	0.00564
5.18863	-0.00335
5.1962	-0.00335
5.20377	-0.00335
5.21135	-0.00335
5.21892	-0.00335
5.22649	-0.00335
5.23407	-0.00335
5.24164	-0.00335
5.24921	-0.00335
5.25679	-0.00335
5.26436	-0.00335
5.27193	-0.00335
5.27951	-0.00335
5.28708	-0.00335
5.29466	-0.00207
5.30223	-3.71178E-4
5.3098	0.00133
5.31738	0.00303
5.32495	0.00473
5.33252	0.00391
5.3401	0.00242
5.34767	9.2997E-4
5.35524	-5.61546E-4
5.36282	-0.00205
5.37039	-0.00281
5.37797	0.00139
5.38554	0.0056
5.39311	0.0098
5.40069	0.014
5.40826	0.0182
5.41583	0.0224
5.42341	0.03228
5.43098	-0.00289
5.43855	5.9634E-4
5.44613	0.00409
5.4537	0.00758
5.46127	0.01107
5.46885	0.01456
5.47642	0.0073
5.484	-0.00186
5.49157	-0.00335
5.49914	-0.00335
5.50672	-0.00335
5.51429	-0.00335
5.52186	-0.00335
5.52944	6.83936E-5
5.53701	0.00688
5.54458	0.01369
5.55216	0.0205
5.55973	0.02132
5.5673	0.02064
5.57488	0.01996
5.58245	0.01929
5.59003	0.01861
5.5976	0.01794
5.60517	0.01726
5.61275	0.01857
5.62032	0.02373
5.62789	0.02889
5.63547	0.03405
5.64304	0.03921
5.65061	0.04437
5.65819	0.04763
5.66576	0.05065
5.67334	0.05366
5.68091	0.05668
5.68848	0.05473
5.69606	0.05229
5.70363	0.05023
5.7112	0.05487
5.71878	0.05955
5.72635	0.0645
5.73392	0.06944
5.7415	0.07608
5.74907	0.08386
5.75664	0.09164
5.76422	0.09942
5.77179	0.10692
5.77937	0.11432
5.78694	0.12012
5.79451	0.11855
5.80209	0.11697
5.80966	0.11539
5.81723	0.11381
5.82481	0.12649
5.83238	0.14513
5.83995	0.15783
5.84753	0.1662
5.8551	0.17298
5.86268	0.17976
5.87025	0.18655
5.87782	0.18851
5.8854	0.18941
5.89297	0.19031
5.90054	0.19121
5.90812	0.19211
5.91569	0.19301
5.92326	0.2027
5.93084	0.21327
5.93841	0.22383
5.94598	0.22697
5.95356	0.22385
5.96113	0.22073
5.96871	0.21762
5.97628	0.2145
5.98385	0.21138
5.99143	0.20827
5.999	0.20515
6.00657	0.22126
6.01415	0.23014
6.02172	0.23422
6.02929	0.2383
6.03687	0.24238
6.04444	0.25519
6.05201	0.26822
6.05959	0.25662
6.06716	0.24501
6.07474	0.2334
6.08231	0.22298
6.08988	0.21272
6.09746	0.20272
6.10503	0.20118
6.1126	0.19964
6.12018	0.19809
6.12775	0.19655
6.13532	0.19501
6.1429	0.19347
6.15047	0.19168
6.15805	0.18978
6.16562	0.18785
6.17319	0.18441
6.18077	0.18096
6.18834	0.17752
6.19591	0.17408
6.20349	0.17063
6.21106	0.16719
6.21863	0.16375
6.22621	0.16097
6.23378	0.15941
6.24135	0.15786
6.24893	0.1563
6.2565	0.15478
6.26408	0.15343
6.27165	0.14909
6.27922	0.14101
6.2868	0.13292
6.29437	0.12483
6.30194	0.11928
6.30952	0.11723
6.31709	0.11518
6.32466	0.11313
6.33224	0.11108
6.33981	0.10903
6.34738	0.10757
6.35496	0.10649
6.36253	0.10541
6.37011	0.10432
6.37768	0.10321
6.38525	0.10436
6.39283	0.11098
6.4004	0.11761
6.40797	0.12423
6.41555	0.13091
6.42312	0.1404
6.43069	0.14695
6.43827	0.1438
6.44584	0.14065
6.45342	0.13751
6.46099	0.13436
6.46856	0.13121
6.47614	0.12806
6.48371	0.13882
6.49128	0.14745
6.49886	0.14236
6.50643	0.13711
6.514	0.13186
6.52158	0.12661
6.52915	0.12136
6.53672	0.11612
6.5443	0.11716
6.55187	0.11987
6.55945	0.12258
6.56702	0.12529
6.57459	0.12799
6.58217	0.1307
6.58974	0.13381
6.59731	0.13713
6.60489	0.14045
6.61246	0.14377
6.62003	0.14694
6.62761	0.1501
6.63518	0.15326
6.64276	0.15203
6.65033	0.13642
6.6579	0.13736
6.66548	0.1383
6.67305	0.13924
6.68062	0.14018
6.6882	0.14112
6.69577	0.14206
6.70334	0.143
6.71092	0.14394
6.71849	0.1432
6.72606	0.14106
6.73364	0.13887
6.74121	0.13657
6.74879	0.13426
6.75636	0.13196
6.76393	0.12965
6.77151	0.13342
6.77908	0.13881
6.78665	0.14421
6.79423	0.14952
6.8018	0.14788
6.80937	0.14624
6.81695	0.1446
6.82452	0.14296
6.83209	0.14133
6.83967	0.13969
6.84724	0.13814
6.85482	0.13666
6.86239	0.13415
6.86996	0.1288
6.87754	0.12346
6.88511	0.11811
6.89268	0.11276
6.90026	0.10742
6.90783	0.10832
6.9154	0.11501
6.92298	0.1217
6.93055	0.12839
6.93813	0.13508
6.9457	0.14177
6.95327	0.13963
6.96085	0.13429
6.96842	0.12299
6.97599	0.10335
6.98357	0.1039
6.99114	0.10446
6.99871	0.10501
7.00629	0.10557
7.01386	0.10612
7.02143	0.10667
7.02901	0.10723
7.03658	0.10778
7.04416	0.10833
7.05173	0.08824
7.0593	0.08582
7.06688	0.08339
7.07445	0.08097
7.08202	0.07855
7.0896	0.07615
7.09717	0.07376
7.10474	0.07136
7.11232	0.06896
7.11989	0.07021
7.12746	0.07231
7.13504	0.07441
7.14261	0.07651
7.15019	0.07861
7.15776	0.08071
7.16533	0.08281
7.17291	0.08269
7.18048	0.08029
7.18805	0.07788
7.19563	0.07547
7.2032	0.07307
7.21077	0.07052
7.21835	0.0678
7.22592	0.06509
7.2335	0.06237
7.24107	0.05965
7.24864	0.05763
7.25622	0.05603
7.26379	0.05444
7.27136	0.05285
7.27894	0.05125
7.28651	0.04966
7.29408	0.04806
7.30166	0.04647
7.30923	0.04487
7.3168	0.04328
7.32438	0.04289
7.33195	0.04265
7.33953	0.04242
7.3471	0.04218
7.35467	0.04194
7.36225	0.0417
7.36982	0.04146
7.37739	0.04119
7.38497	0.0409
7.39254	0.04067
7.40011	0.04155
7.40769	0.04242
7.41526	0.0433
7.42284	0.04417
7.43041	0.04505
7.43798	0.04592
7.44556	0.04679
7.45313	0.04697
7.4607	0.04508
7.46828	0.04318
7.47585	0.04129
7.48342	0.0394
7.491	0.0375
7.49857	0.03561
7.50614	0.03372
7.51372	0.03182
7.52129	0.02993
7.52887	0.0304
7.53644	0.03236
7.54401	0.03431
7.55159	0.03627
7.55916	0.03822
7.56673	0.04032
7.57431	0.04253
7.58188	0.04458
7.58945	0.04324
7.59703	0.0419
7.6046	0.04056
7.61217	0.03922
7.61975	0.03788
7.62732	0.03655
7.6349	0.03521
7.64247	0.03387
7.65004	0.03253
7.65762	0.03119
7.66519	0.03047
7.67276	0.02984
7.68034	0.02922
7.68791	0.02859
7.69548	0.02797
7.70306	0.02722
7.71063	0.02643
7.71821	0.02564
7.72578	0.02484
7.73335	0.02405
7.74093	0.0215
7.7485	0.01763
7.75607	0.01375
7.76365	0.00988
7.77122	0.00601
7.77879	0.00214
7.78637	-0.00173
7.79394	-0.0056
7.80151	-0.00478
7.80909	-0.00269
7.81666	-6.0388E-4
7.82424	0.00148
7.83181	0.00357
7.83938	0.00565
7.84696	0.00767
7.85453	0.00947
7.8621	0.01128
7.86968	0.01308
7.87725	0.0144
7.88482	0.01465
7.8924	0.0149
7.89997	0.01515
7.90755	0.0154
7.91512	0.01565
7.92269	0.01591
7.93027	0.01616
7.93784	0.01641
7.94541	0.01666
7.95299	0.01691
7.96056	0.0179
7.96813	0.01914
7.97571	0.02039
7.98328	0.02163
7.99085	0.02177
7.99843	0.02056
8.006	0.01936
8.01358	0.01921
8.02115	0.02384
8.02872	0.02848
8.0363	0.03311
8.04387	0.03775
8.05144	0.03117
8.05902	0.02621
8.06659	0.03212
8.07416	0.03802
8.08174	0.04393
8.08931	0.04828
8.09688	0.04931
8.10446	0.05026
8.11203	0.05122
8.11961	0.05218
8.12718	0.05314
8.13475	0.05409
8.14233	0.05668
8.1499	0.06064
8.15747	0.0646
8.16505	0.06814
8.17262	0.07058
8.18019	0.07269
8.18777	0.0748
8.19534	0.07381
8.20292	0.07163
8.21049	0.06946
8.21806	0.06728
8.22564	0.0651
8.23321	0.06297
8.24078	0.06101
8.24836	0.06101
8.25593	0.06134
8.2635	0.06167
8.27108	0.062
8.27865	0.06232
8.28622	0.06172
8.2938	0.06087
8.30137	0.06003
8.30895	0.05919
8.31652	0.06008
8.32409	0.06878
8.33167	0.07456
8.33924	0.07466
8.34681	0.07476
8.35439	0.07485
8.36196	0.07495
8.36953	0.07775
8.37711	0.08184
8.38468	0.08579
8.39225	0.08874
8.39983	0.09033
8.4074	0.09191
8.41498	0.09463
8.42255	0.09809
8.43012	0.10155
8.4377	0.10573
8.44527	0.11011
8.45284	0.11449
8.46042	0.11624
8.46799	0.11781
8.47556	0.1165
8.48314	0.11382
8.49071	0.11047
8.49829	0.10713
8.50586	0.10378
8.51343	0.10044
8.52101	0.09871
8.52858	0.09724
8.53615	0.09576
8.54373	0.09444
8.5513	0.09229
8.55887	0.09
8.56645	0.09015
8.57402	0.09109
8.58159	0.09202
8.58917	0.09473
8.59674	0.09528
8.60432	0.09304
8.61189	0.09081
8.61946	0.08857
8.62704	0.08665
8.63461	0.08659
8.64218	0.08653
8.64976	0.08648
8.65733	0.08641
8.6649	0.08634
8.67248	0.08772
8.68005	0.09163
8.68763	0.09554
8.6952	0.09683
8.70277	0.09791
8.71035	0.09432
8.71792	0.09073
8.72549	0.08714
8.73307	0.08355
8.74064	0.07871
8.74821	0.07199
8.75579	0.06527
8.76336	0.05854
8.77093	0.05182
8.77851	0.04581
8.78608	0.04166
8.79366	0.0442
8.80123	0.05574
8.8088	0.05749
8.81638	0.05803
8.82395	0.0566
8.83152	0.05514
8.8391	0.0459
8.84667	0.02644
8.85424	0.03647
8.86182	0.04869
8.86939	0.02585
8.87696	0.04645
8.88454	0.05777
8.89211	0.05978
8.89969	0.057
8.90726	0.05421
8.91483	0.05135
8.92241	0.04852
8.92998	0.0457
8.93755	0.04289
8.94513	0.04007
8.9527	0.03837
8.96027	0.0375
8.96785	0.03662
8.97542	0.03576
8.983	0.03474
8.99057	0.03482
8.99814	0.0349
9.00572	0.03633
9.01329	0.05358
9.02086	0.05088
9.02844	0.03331
9.03601	0.03878
9.04358	0.05402
9.05116	0.06344
9.05873	0.06033
9.0663	0.05722
9.07388	0.05412
9.08145	0.05101
9.08903	0.0479
9.0966	0.04753
9.10417	0.05003
9.11175	0.05253
9.11932	0.05215
9.12689	0.04821
9.13447	0.04412
9.14204	0.03989
9.14961	0.03566
9.15719	0.03143
9.16476	0.0272
9.17233	0.02305
9.17991	0.01892
9.18748	0.01479
9.19506	0.01066
9.20263	0.01152
9.2102	0.03008
9.21778	0.03663
9.22535	0.03741
9.23292	0.03819
9.2405	0.03901
9.24807	0.04014
9.25564	0.04126
9.26322	0.04451
9.27079	0.04974
9.27837	0.05496
9.28594	0.05636
9.29351	0.05754
9.30109	0.06833
9.30866	0.07823
9.31623	0.0829
9.32381	0.08757
9.33138	0.08984
9.33895	0.0825
9.34653	0.07516
9.3541	0.06782
9.36167	0.06048
9.36925	0.05314
9.37682	0.0458
9.3844	0.03846
9.39197	0.03112
9.39954	0.02378
9.40712	0.01644
9.41469	0.0091
9.42226	0.00678
9.42984	0.01078
9.43741	0.01478
9.44498	0.01878
9.45256	0.02126
9.46013	0.02228
9.46771	0.0233
9.47528	0.02433
9.48285	0.02535
9.49043	0.02642
9.498	0.02782
9.50557	0.02922
9.51315	0.03062
9.52072	0.03202
9.52829	0.03225
9.53587	0.03196
9.54344	0.03168
9.55101	0.03246
9.55859	0.03355
9.56616	0.03464
9.57374	0.03573
9.58131	0.03682
9.58888	0.03848
9.59646	0.04105
9.60403	0.04362
9.6116	0.04619
9.61918	0.04876
9.62675	0.047
9.63432	0.04136
9.6419	0.03572
9.64947	0.03233
9.65704	0.02893
9.66462	0.02554
9.67219	0.02215
9.67977	0.01876
9.68734	0.01537
9.69491	0.01433
9.70249	0.01351
9.71006	0.01269
9.71763	0.01344
9.72521	0.01786
9.73278	0.02228
9.74035	0.0267
9.74793	0.03112
9.7555	0.03554
9.76308	0.03996
9.77065	0.04187
9.77822	0.03609
9.7858	0.03031
9.79337	0.02454
9.80094	0.01877
9.80852	0.01299
9.81609	0.00858
9.82366	0.00907
9.83124	0.0108
9.83881	0.01252
9.84638	0.01425
9.85396	0.01597
9.86153	0.01769
9.86911	0.01942
9.87668	0.02114
9.88425	0.02287
9.89183	0.02459
9.8994	0.02631
9.90697	0.02531
9.91455	0.02323
9.92212	0.02116
9.92969	0.01909
9.93727	0.01701
9.94484	0.01494
9.95241	0.01286
9.95999	0.01113
9.96756	0.00974
9.97514	0.01086
9.98271	0.01197
9.99028	0.01309
9.99786	0.01421
10.00543	0.01533
10.013	0.01644
10.02058	0.01756
10.02815	0.01868
10.03572	0.01979
10.0433	0.02091
10.05087	0.02164
10.05845	0.0223
10.06602	0.02295
10.07359	0.02361
10.08117	0.02426
10.08874	0.02492
10.09631	0.02557
10.10389	0.02635
10.11146	0.02057
10.11903	0.01466
10.12661	0.01168
10.13418	0.00977
10.14175	0.00786
10.14933	0.00597
10.1569	0.00407
10.16448	0.00217
10.17205	0.00158
10.17962	0.0012
10.1872	8.29201E-4
10.19477	4.55674E-4
10.20234	8.2147E-5
10.20992	5.81312E-4
10.21749	0.00234
10.22506	0.00409
10.23264	0.00585
10.24021	0.0076
10.24779	0.00936
10.25536	0.01111
10.26293	0.01287
10.27051	0.01463
10.27808	0.01638
10.28565	0.02175
10.29323	0.02777
10.3008	0.03379
10.30837	0.03981
10.31595	0.03991
10.32352	0.03745
10.33109	0.035
10.33867	0.0326
10.34624	0.03036
10.35382	0.02819
10.36139	0.0261
10.36896	0.02401
10.37654	0.02192
10.38411	0.02072
10.39168	0.01988
10.39926	0.01904
10.40683	0.01819
10.4144	0.01735
10.42198	0.01554
10.42955	0.01355
10.43712	0.01156
10.4447	0.00957
10.45227	0.00759
10.45985	0.00839
10.46742	0.01091
10.47499	0.01343
10.48257	0.01595
10.49014	0.01847
10.49771	0.02099
10.50529	0.02351
10.51286	0.02607
10.52043	0.02886
10.52801	0.03151
10.53558	0.03414
10.54316	0.03677
10.55073	0.0394
10.5583	0.04203
10.56588	0.04381
10.57345	0.04497
10.58102	0.04613
10.5886	0.04729
10.59617	0.04845
10.60374	0.04961
10.61132	0.05077
10.61889	0.05193
10.62646	0.05237
10.63404	0.05124
10.64161	0.0501
10.64919	0.04897
10.65676	0.04784
10.66433	0.04671
10.67191	0.04341
10.67948	0.03669
10.68705	0.02996
10.69463	0.02085
10.7022	0.01076
10.70977	0.00115
10.71735	0.0073
10.72492	0.01344
10.73249	0.01958
10.74007	0.02572
10.74764	0.03186
10.75522	0.038
10.76279	0.04414
10.77036	0.05029
10.77794	0.05643
10.78551	0.06257
10.79308	0.06871
10.80066	0.07485
10.80823	0.08037
10.8158	0.08435
10.82338	0.08832
10.83095	0.0923
10.83853	0.09627
10.8461	0.10025
10.85367	0.10422
10.86125	0.1082
10.86882	0.11217
10.87639	0.1078
10.88397	0.09067
10.89154	0.08043
10.89911	0.0752
10.90669	0.06998
10.91426	0.06475
10.92183	0.04922
10.92941	0.02941
10.93698	0.03709
10.94456	0.04478
10.95213	0.05247
10.9597	0.06015
10.96728	0.06784
10.97485	0.07553
10.98242	0.08311
10.99	0.09049
10.99757	0.09787
11.00514	0.10525
11.01272	0.11262
11.02029	0.11782
11.02787	0.11943
11.03544	0.12104
11.04301	0.12265
11.05059	0.12427
11.05816	0.12588
11.06573	0.12749
11.07331	0.1291
11.08088	0.13071
11.08845	0.13232
11.09603	0.13377
11.1036	0.13051
11.11117	0.12726
11.11875	0.12689
11.12632	0.12873
11.1339	0.13057
11.14147	0.13241
11.14904	0.13425
11.15662	0.13609
11.16419	0.13793
11.17176	0.13977
11.17934	0.14161
11.18691	0.13154
11.19448	0.1197
11.20206	0.11102
11.20963	0.10755
11.2172	0.10407
11.22478	0.1006
11.23235	0.09713
11.23993	0.09366
11.2475	0.10301
11.25507	0.11338
11.26265	0.11732
11.27022	0.12126
11.27779	0.1252
11.28537	0.12914
11.29294	0.13308
11.30051	0.13702
11.30809	0.14096
11.31566	0.1448
11.32324	0.14847
11.33081	0.14994
11.33838	0.1514
11.34596	0.15287
11.35353	0.15434
11.3611	0.1558
11.36868	0.15727
11.37625	0.15839
11.38382	0.15926
11.3914	0.16013
11.39897	0.161
11.40654	0.16187
11.41412	0.16274
11.42169	0.16361
11.42927	0.16448
11.43684	0.16535
11.44441	0.16646
11.45199	0.16761
11.45956	0.16876
11.46713	0.16991
11.47471	0.17106
11.48228	0.17221
11.48985	0.17336
11.49743	0.17319
11.505	0.16779
11.51258	0.16411
11.52015	0.1649
11.52772	0.1657
11.5353	0.16649
11.54287	0.16728
11.55044	0.16808
11.55802	0.16887
11.56559	0.16966
11.57316	0.17134
11.58074	0.17369
11.58831	0.17604
11.59588	0.1784
11.60346	0.18075
11.61103	0.1831
11.61861	0.18473
11.62618	0.18528
11.63375	0.17852
11.64133	0.17012
11.6489	0.16172
11.65647	0.15332
11.66405	0.17714
11.67162	0.1425
11.67919	0.1487
11.68677	0.15587
11.69434	0.16304
11.70191	0.17022
11.70949	0.17739
11.71706	0.18455
11.72464	0.19168
11.73221	0.19881
11.73978	0.20594
11.74736	0.20695
11.75493	0.20689
11.7625	0.20268
11.77008	0.1849
11.77765	0.16333
11.78522	0.15121
11.7928	0.15162
11.80037	0.15204
11.80795	0.15246
11.81552	0.15288
11.82309	0.15329
11.83067	0.15371
11.83824	0.15413
11.84581	0.15455
11.85339	0.15496
11.86096	0.15538
11.86853	0.1558
11.87611	0.15666
11.88368	0.15884
11.89125	0.16054
11.89883	0.16224
11.9064	0.16393
11.91398	0.16563
11.92155	0.16732
11.92912	0.16909
11.9367	0.17093
11.94427	0.1891
11.95184	0.22519
11.95942	0.26128
11.96699	0.26409
11.97456	0.25988
11.98214	0.28661
11.98971	0.2428
11.99728	0.22299
12.00486	0.22618
12.01243	0.22938
12.02001	0.23258
12.02758	0.23578
12.03515	0.23898
12.04273	0.24217
12.0503	0.24537
12.05787	0.24857
12.06545	0.25177
12.07302	0.25496
12.08059	0.25816
12.08817	0.26136
12.09574	0.26456
12.10332	0.26775
12.11089	0.28419
12.11846	0.29287
12.12604	0.28929
12.13361	0.28571
12.14118	0.28213
12.14876	0.27857
12.15633	0.275
12.1639	0.27143
12.17148	0.26787
12.17905	0.2643
12.18662	0.26074
12.1942	0.25924
12.20177	0.26525
12.20935	0.27127
12.21692	0.27728
12.22449	0.2833
12.23207	0.28417
12.23964	0.24557
12.24721	0.24122
12.25479	0.24815
12.26236	0.25508
12.26993	0.262
12.27751	0.26893
12.28508	0.27585
12.29266	0.28278
12.30023	0.28365
12.3078	0.26497
12.31538	0.26139
12.32295	0.26015
12.33052	0.25891
12.3381	0.25767
12.34567	0.2563
12.35324	0.25377
12.36082	0.25055
12.36839	0.24703
12.37596	0.24334
12.38354	0.23955
12.39111	0.23576
12.39869	0.23197
12.40626	0.23307
12.41383	0.23946
12.42141	0.24584
12.42898	0.25223
12.43655	0.25847
12.44413	0.26442
12.4517	0.27036
12.45927	0.27631
12.46685	0.28225
12.47442	0.28729
12.48199	0.29057
12.48957	0.29385
12.49714	0.29713
12.50472	0.3004
12.51229	0.30368
12.51986	0.30825
12.52744	0.31295
12.53501	0.31765
12.54258	0.32234
12.55016	0.30463
12.55773	0.27847
12.5653	0.26637
12.57288	0.26258
12.58045	0.25896
12.58803	0.25548
12.5956	0.25201
12.60317	0.24853
12.61075	0.24505
12.61832	0.24183
12.62589	0.24278
12.63347	0.24372
12.64104	0.24466
12.64861	0.24561
12.65619	0.24655
12.66376	0.24749
12.67133	0.24844
12.67891	0.24938
12.68648	0.25032
12.69406	0.25127
12.70163	0.25221
12.7092	0.25315
12.71678	0.2541
12.72435	0.25504
12.73192	0.25598
12.7395	0.25834
12.74707	0.26297
12.75464	0.2676
12.76222	0.27222
12.76979	0.27624
12.77736	0.27601
12.78494	0.27577
12.79251	0.27554
12.80009	0.2753
12.80766	0.27507
12.81523	0.27444
12.82281	0.27369
12.83038	0.27292
12.83795	0.27214
12.84553	0.27136
12.8531	0.27058
12.86067	0.26981
12.86825	0.26903
12.87582	0.26825
12.8834	0.26747
12.89097	0.26669
12.89854	0.26592
12.90612	0.26535
12.91369	0.26479
12.92126	0.26423
12.92884	0.26368
12.93641	0.26312
12.94398	0.26256
12.95156	0.262
12.95913	0.26144
12.9667	0.26088
12.97428	0.26032
12.98185	0.25977
12.98943	0.25921
12.997	0.25865
13.00457	0.25809
13.01215	0.25753
13.01972	0.25697
13.02729	0.25641
13.03487	0.25586
13.04244	0.25606
13.05001	0.25777
13.05759	0.25948
13.06516	0.26118
13.07274	0.26289
13.08031	0.26459
13.08788	0.2663
13.09546	0.268
13.10303	0.2697
13.1106	0.27141
13.11818	0.27311
13.12575	0.27482
13.13332	0.27652
13.1409	0.27823
13.14847	0.28105
13.15604	0.28606
13.16362	0.29107
13.17119	0.29608
13.17877	0.30109
13.18634	0.3061
13.19391	0.31111
13.20149	0.31612
13.20906	0.32113
13.21663	0.32049
13.22421	0.31487
13.23178	0.30925
13.23935	0.30393
13.24693	0.29865
13.2545	0.29338
13.26207	0.2881
13.26965	0.28297
13.27722	0.27786
13.2848	0.27279
13.29237	0.26775
13.29994	0.2627
13.30752	0.26077
13.31509	0.26006
13.32266	0.25935
13.33024	0.25864
13.33781	0.25793
13.34538	0.25722
13.35296	0.25651
13.36053	0.25579
13.36811	0.25508
13.37568	0.25437
13.38325	0.25366
13.39083	0.25295
13.3984	0.25224
13.40597	0.25153
13.41355	0.25073
13.42112	0.24991
13.42869	0.24909
13.43627	0.24827
13.44384	0.24745
13.45141	0.24662
13.45899	0.2458
13.46656	0.24498
13.47414	0.24416
13.48171	0.24319
13.48928	0.24203
13.49686	0.24312
13.50443	0.24832
13.512	0.25353
13.51958	0.25874
13.52715	0.26394
13.53472	0.26798
13.5423	0.2718
13.54987	0.27563
13.55744	0.27945
13.56502	0.28327
13.57259	0.2871
13.58017	0.29092
13.58774	0.29475
13.59531	0.29754
13.60289	0.29863
13.61046	0.29973
13.61803	0.30083
13.62561	0.30193
13.63318	0.30303
13.64075	0.30412
13.64833	0.30522
13.6559	0.30632
13.66348	0.30742
13.67105	0.30852
13.67862	0.30688
13.6862	0.30495
13.69377	0.30302
13.70134	0.30109
13.70892	0.29916
13.71649	0.29723
13.72406	0.2953
13.73164	0.29337
13.73921	0.29144
13.74678	0.28951
13.75436	0.28788
13.76193	0.28736
13.76951	0.28684
13.77708	0.2863
13.78465	0.2857
13.79223	0.2851
13.7998	0.2845
13.80737	0.2839
13.81495	0.2833
13.82252	0.2827
13.83009	0.2821
13.83767	0.2815
13.84524	0.2809
13.85282	0.2803
13.86039	0.2797
13.86796	0.27263
13.87554	0.26131
13.88311	0.25368
13.89068	0.25525
13.89826	0.25681
13.90583	0.25837
13.9134	0.25993
13.92098	0.2615
13.92855	0.26306
13.93612	0.26462
13.9437	0.26618
13.95127	0.26774
13.95885	0.26931
13.96642	0.27087
13.97399	0.27243
13.98157	0.27399
13.98914	0.27555
13.99671	0.27712
14.00429	0.27868
14.01186	0.28024
14.01943	0.2818
14.02701	0.28238
14.03458	0.28241
14.04215	0.28244
14.04973	0.28246
14.0573	0.28249
14.06488	0.28252
14.07245	0.28255
14.08002	0.28257
14.0876	0.2826
14.09517	0.28263
14.10274	0.28266
14.11032	0.28268
14.11789	0.27555
14.12546	0.26708
14.13304	0.26111
14.14061	0.25742
14.14819	0.25373
14.15576	0.25004
14.16333	0.24635
14.17091	0.24266
14.17848	0.23897
14.18605	0.23528
14.19363	0.23159
14.2012	0.228
14.20877	0.22578
14.21635	0.22356
14.22392	0.22134
14.23149	0.21912
14.23907	0.2169
14.24664	0.21468
14.25422	0.21246
14.26179	0.21025
14.26936	0.20803
14.27694	0.20585
14.28451	0.20372
14.29208	0.20237
14.29966	0.20502
14.30723	0.20766
14.3148	0.2103
14.32238	0.21294
14.32995	0.21558
14.33753	0.21823
14.3451	0.22087
14.35267	0.22351
14.36025	0.22615
14.36782	0.22831
14.37539	0.23013
14.38297	0.23196
14.39054	0.23378
14.39811	0.2356
14.40569	0.23742
14.41326	0.23925
14.42083	0.24107
14.42841	0.24289
14.43598	0.24471
14.44356	0.24654
14.45113	0.24836
14.4587	0.25018
14.46628	0.25201
14.47385	0.25383
14.48142	0.25565
14.489	0.24911
14.49657	0.24194
14.50414	0.23477
14.51172	0.22919
14.51929	0.22733
14.52686	0.22548
14.53444	0.2236
14.54201	0.22171
14.54959	0.21982
14.55716	0.21794
14.56473	0.21605
14.57231	0.21416
14.57988	0.21227
14.58745	0.21039
14.59503	0.2085
14.6026	0.20661
14.61017	0.20472
14.61775	0.20284
14.62532	0.20095
14.6329	0.19906
14.64047	0.19782
14.64804	0.1985
14.65562	0.19917
14.66319	0.19985
14.67076	0.20053
14.67834	0.2012
14.68591	0.20188
14.69348	0.20255
14.70106	0.20323
14.70863	0.2039
14.7162	0.20458
14.72378	0.20526
14.73135	0.20593
14.73893	0.20661
14.7465	0.20737
14.75407	0.20828
14.76165	0.2092
14.76922	0.21011
14.77679	0.21103
14.78437	0.21194
14.79194	0.21266
14.79951	0.21303
14.80709	0.21339
14.81466	0.21376
14.82223	0.21412
14.82981	0.21449
14.83738	0.21485
14.84496	0.21545
14.85253	0.21724
14.8601	0.21903
14.86768	0.22082
14.87525	0.22261
14.88282	0.2244
14.8904	0.22619
14.89797	0.22797
14.90554	0.23265
14.91312	0.2385
14.92069	0.24436
14.92827	0.25021
14.93584	0.25443
14.94341	0.25735
14.95099	0.26027
14.95856	0.26318
14.96613	0.2661
14.97371	0.26902
14.98128	0.27514
14.98885	0.28244
14.99643	0.28974
15.004	0.29704
15.01157	0.30433
15.01915	0.30971
15.02672	0.31435
15.0343	0.31898
15.04187	0.32362
15.04944	0.32825
15.05702	0.34178
15.06459	0.3592
15.07216	0.3734
15.07974	0.37288
15.08731	0.37235
15.09488	0.37183
15.10246	0.3713
15.11003	0.37078
15.11761	0.37025
15.12518	0.36973
15.13275	0.3689
15.14033	0.36549
15.1479	0.36209
15.15547	0.35869
15.16305	0.35529
15.17062	0.35188
15.17819	0.34848
15.18577	0.34508
15.19334	0.34168
15.20091	0.33827
15.20849	0.33487
15.21606	0.33147
15.22364	0.32807
15.23121	0.32467
15.23878	0.32126
15.24636	0.31964
15.25393	0.3208
15.2615	0.32197
15.26908	0.32313
15.27665	0.32429
15.28422	0.32546
15.2918	0.32662
15.29937	0.32779
15.30694	0.32895
15.31452	0.33011
15.32209	0.3313
15.32967	0.33258
15.33724	0.34576
15.34481	0.34918
15.35239	0.34236
15.35996	0.33553
15.36753	0.32871
15.37511	0.32189
15.38268	0.31507
15.39025	0.30825
15.39783	0.30143
15.4054	0.2946
15.41298	0.28778
15.42055	0.28253
15.42812	0.28022
15.4357	0.27773
15.44327	0.27524
15.45084	0.27275
15.45842	0.27026
15.46599	0.26777
15.47356	0.26528
15.48114	0.26279
15.48871	0.2603
15.49628	0.25782
15.50386	0.25533
15.51143	0.25284
15.51901	0.25035
15.52658	0.24786
15.53415	0.24537
15.54173	0.2382
15.5493	0.23004
15.55687	0.22133
15.56445	0.2108
15.57202	0.20026
15.57959	0.19197
15.58717	0.18502
15.59474	0.17807
15.60231	0.16945
15.60989	0.15181
15.61746	0.13994
15.62504	0.13611
15.63261	0.13229
15.64018	0.12846
15.64776	0.12464
15.65533	0.12081
15.6629	0.11699
15.67048	0.11316
15.67805	0.10934
15.68562	0.10645
15.6932	0.10468
15.70077	0.10291
15.70835	0.10114
15.71592	0.09937
15.72349	0.0976
15.73107	0.09583
15.73864	0.09406
15.74621	0.09229
15.75379	0.09053
15.76136	0.08876
15.76893	0.08699
15.77651	0.08522
15.78408	0.08345
15.79165	0.08168
15.79923	0.07991
15.8068	0.07814
15.81438	0.07637
15.82195	0.075
15.82952	0.07691
15.8371	0.07881
15.84467	0.08071
15.85224	0.08262
15.85982	0.08452
15.86739	0.08642
15.87496	0.0884
15.88254	0.09065
15.89011	0.0929
15.89769	0.09536
15.90526	0.09795
15.91283	0.10055
15.92041	0.10317
15.92798	0.10579
15.93555	0.10804
15.94313	0.10922
15.9507	0.1104
15.95827	0.11158
15.96585	0.11276
15.97342	0.11394
15.98099	0.11512
15.98857	0.1163
15.99614	0.11748
16.00372	0.11865
16.01129	0.11983
16.01886	0.12101
16.02644	0.12219
16.03401	0.12337
16.04158	0.12561
16.04916	0.12797
16.05673	0.13032
16.0643	0.13268
16.07188	0.13503
16.07945	0.13739
16.08702	0.13926
16.0946	0.13916
16.10217	0.13906
16.10975	0.13896
16.11732	0.13886
16.12489	0.13876
16.13247	0.13866
16.14004	0.13855
16.14761	0.13845
16.15519	0.13835
16.16276	0.13825
16.17033	0.13815
16.17791	0.13805
16.18548	0.13794
16.19306	0.13784
16.20063	0.13153
16.2082	0.11435
16.21578	0.09716
16.22335	0.0895
16.23092	0.08683
16.2385	0.08417
16.24607	0.08151
16.25364	0.07884
16.26122	0.07618
16.26879	0.07352
16.27636	0.07085
16.28394	0.06819
16.29151	0.06553
16.29909	0.06286
16.30666	0.0602
16.31423	0.05754
16.32181	0.05487
16.32938	0.05221
16.33695	0.04955
16.34453	0.04688
16.3521	0.04712
16.35967	0.05635
16.36725	0.06558
16.37482	0.06882
16.38239	0.0694
16.38997	0.06998
16.39754	0.07057
16.40512	0.07115
16.41269	0.07174
16.42026	0.07232
16.42784	0.07291
16.43541	0.07349
16.44298	0.07408
16.45056	0.07466
16.45813	0.07524
16.4657	0.07583
16.47328	0.07641
16.48085	0.077
16.48843	0.07744
16.496	0.07698
16.50357	0.07653
16.51115	0.07607
16.51872	0.07562
16.52629	0.07516
16.53387	0.07471
16.54144	0.07425
16.54901	0.0738
16.55659	0.07334
16.56416	0.07289
16.57173	0.07243
16.57931	0.07198
16.58688	0.07152
16.59446	0.07127
16.60203	0.07105
16.6096	0.07084
16.61718	0.07062
16.62475	0.0704
16.63232	0.07019
16.6399	0.06997
16.64747	0.07007
16.65504	0.07034
16.66262	0.07061
16.67019	0.07088
16.67777	0.07115
16.68534	0.07141
16.69291	0.07168
16.70049	0.07144
16.70806	0.07049
16.71563	0.06955
16.72321	0.0686
16.73078	0.06766
16.73835	0.06672
16.74593	0.06577
16.7535	0.06483
16.76107	0.06388
16.76865	0.06294
16.77622	0.06199
16.7838	0.06106
16.79137	0.06015
16.79894	0.05924
16.80652	0.05833
16.81409	0.05742
16.82166	0.05651
16.82924	0.05561
16.83681	0.0547
16.84438	0.05379
16.85196	0.05071
16.85953	0.04711
16.8671	0.04351
16.87468	0.03991
16.88225	0.03631
16.88983	0.03272
16.8974	0.02912
16.90497	0.02552
16.91255	0.02192
16.92012	0.01832
16.92769	0.01472
16.93527	0.01374
16.94284	0.01516
16.95041	0.01658
16.95799	0.01799
16.96556	0.01941
16.97314	0.02083
16.98071	0.02225
16.98828	0.02366
16.99586	0.02508
17.00343	0.02667
17.011	0.0283
17.01858	0.02992
17.02615	0.03155
17.03372	0.03317
17.0413	0.03361
17.04887	0.03392
17.05644	0.03423
17.06402	0.03453
17.07159	0.03484
17.07917	0.03515
17.08674	0.03542
17.09431	0.03566
17.10189	0.03591
17.10946	0.03615
17.11703	0.0364
17.12461	0.03664
17.13218	0.03689
17.13975	0.03713
17.14733	0.03738
17.1549	0.03762
17.16247	0.03786
17.17005	0.03811
17.17762	0.03835
17.1852	0.0386
17.19277	0.03884
17.20034	0.03909
17.20792	0.03933
17.21549	0.03904
17.22306	0.03809
17.23064	0.03713
17.23821	0.03617
17.24578	0.03522
17.25336	0.03426
17.26093	0.03331
17.26851	0.03235
17.27608	0.03139
17.28365	0.03044
17.29123	0.02948
17.2988	0.02853
17.30637	0.02757
17.31395	0.02661
17.32152	0.02566
17.32909	0.0247
17.33667	0.02375
17.34424	0.02354
17.35181	0.02847
17.35939	0.03341
17.36696	0.03834
17.37454	0.04327
17.38211	0.04711
17.38968	0.04833
17.39726	0.04959
17.40483	0.05085
17.4124	0.05211
17.41998	0.05337
17.42755	0.05463
17.43512	0.0559
17.4427	0.05716
17.45027	0.05842
17.45785	0.05968
17.46542	0.06094
17.47299	0.0622
17.48057	0.06248
17.48814	0.05995
17.49571	0.05742
17.50329	0.05488
17.51086	0.05235
17.51843	0.04982
17.52601	0.04729
17.53358	0.04475
17.54115	0.04222
17.54873	0.03969
17.5563	0.03752
17.56388	0.03538
17.57145	0.03323
17.57902	0.03109
17.5866	0.02894
17.59417	0.02679
17.60174	0.02465
17.60932	0.0225
17.61689	0.02036
17.62446	0.01825
17.63204	0.01622
17.63961	0.01419
17.64718	0.01216
17.65476	0.01012
17.66233	0.00809
17.66991	0.00606
17.67748	0.00403
17.68505	0.002
17.69263	-2.83282E-5
17.7002	-0.00208
17.70777	-0.00417
17.71535	-0.00626
17.72292	-0.00835
17.73049	-0.0099
17.73807	-0.00842
17.74564	-0.00693
17.75322	-0.00545
17.76079	-0.00397
17.76836	-0.00249
17.77594	-1E-3
17.78351	4.77559E-4
17.79108	0.00196
17.79866	0.00344
17.80623	0.00492
17.8138	0.00547
17.82138	0.00493
17.82895	0.00439
17.83652	0.00386
17.8441	0.00332
17.85167	0.00278
17.85925	0.00224
17.86682	0.00171
17.87439	0.00117
17.88197	6.34334E-4
17.88954	9.74614E-5
17.89711	-4.39411E-4
17.90469	-9.76284E-4
17.91226	-0.00151
17.91983	-0.00205
17.92741	-0.00259
17.93498	-0.00312
17.94256	-0.00366
17.95013	-0.0042
17.9577	-0.00473
17.96528	-0.00527
17.97285	-0.00581
17.98042	-0.00635
17.988	-0.00772
17.99557	-0.00939
18.00314	-0.01106
18.01072	-0.01273
18.01829	-0.01438
18.02586	-0.01601
18.03344	-0.01764
18.04101	-0.01928
18.04859	-0.02091
18.05616	-0.02255
18.06373	-0.02418
18.07131	-0.02581
18.07888	-0.02745
18.08645	-0.02908
18.09403	-0.03071
18.1016	-0.03235
18.10917	-0.03398
18.11675	-0.03561
18.12432	-0.03725
18.13189	-0.03636
18.13947	-0.03224
18.14704	-0.02812
18.15462	-0.02401
18.16219	-0.01989
18.16976	-0.01577
18.17734	-0.01317
18.18491	-0.01312
18.19248	-0.01303
18.20006	-0.01289
18.20763	-0.01274
18.2152	-0.01259
18.22278	-0.01244
18.23035	-0.01229
18.23793	-0.01215
18.2455	-0.012
18.25307	-0.01185
18.26065	-0.0117
18.26822	-0.01211
18.27579	-0.01479
18.28337	-0.01747
18.29094	-0.02016
18.29851	-0.02284
18.30609	-0.02552
18.31366	-0.0282
18.32123	-0.03088
18.32881	-0.03356
18.33638	-0.03618
18.34396	-0.03621
18.35153	-0.03624
18.3591	-0.03627
18.36668	-0.03631
18.37425	-0.03634
18.38182	-0.03637
18.3894	-0.0364
18.39697	-0.03644
18.40454	-0.03647
18.41212	-0.0365
18.41969	-0.03654
18.42726	-0.03657
18.43484	-0.0366
18.44241	-0.03663
18.44999	-0.03667
18.45756	-0.0367
18.46513	-0.03673
18.47271	-0.03676
18.48028	-0.0368
18.48785	-0.03683
18.49543	-0.03686
18.503	-0.03689
18.51057	-0.03693
18.51815	-0.03696
18.52572	-0.03044
18.5333	-0.02264
18.54087	-0.01484
18.54844	-0.00991
18.55602	-0.01176
18.56359	-0.01362
18.57116	-0.01547
18.57874	-0.01732
18.58631	-0.01917
18.59388	-0.02103
18.60146	-0.02288
18.60903	-0.02473
18.6166	-0.02658
18.62418	-0.02844
18.63175	-0.03029
18.63933	-0.03214
18.6469	-0.034
18.65447	-0.03585
18.66205	-0.03521
18.66962	-0.03393
18.67719	-0.03265
18.68477	-0.03137
18.69234	-0.03009
18.69991	-0.02881
18.70749	-0.02753
18.71506	-0.02632
18.72264	-0.02516
18.73021	-0.02401
18.73778	-0.02286
18.74536	-0.0217
18.75293	-0.02055
18.7605	-0.0194
18.76808	-0.01825
18.77565	-0.0169
18.78322	-0.01456
18.7908	-0.01222
18.79837	-0.00987
18.80594	-0.00753
18.81352	-0.00519
18.82109	-0.00284
18.82867	-5.02466E-4
18.83624	0.00184
18.84381	0.00418
18.85139	0.00653
18.85896	0.00637
18.86653	0.00543
18.87411	0.00454
18.88168	0.00366
18.88925	0.00278
18.89683	0.00189
18.9044	0.00101
18.91197	1.25039E-4
18.91955	-7.58447E-4
18.92712	-0.00164
18.9347	-0.00253
18.94227	-0.00341
18.94984	-0.00319
18.95742	0.01636
18.96499	0.03248
18.97256	0.02969
18.98014	0.02689
18.98771	0.0241
18.99528	0.02131
19.00286	0.01852
19.01043	0.01573
19.01801	0.01294
19.02558	0.01015
19.03315	0.00735
19.04073	0.00456
19.0483	0.00178
19.05587	-9.74637E-4
19.06345	-0.00373
19.07102	-0.00817
19.07859	-0.02049
19.08617	-0.03281
19.09374	-0.04514
19.10131	-0.053
19.10889	-0.06079
19.11646	-0.06859
19.12404	-0.07639
19.13161	-0.08419
19.13918	-0.09199
19.14676	-0.08117
19.15433	-0.06291
19.1619	-0.06154
19.16948	-0.06018
19.17705	-0.05881
19.18462	-0.05745
19.1922	-0.05608
19.19977	-0.05472
19.20734	-0.05335
19.21492	-0.05199
19.22249	-0.05062
19.23007	-0.04926
19.23764	-0.04789
19.24521	-0.04653
19.25279	-0.04516
19.26036	-0.0438
19.26793	-0.04243
19.27551	-0.04107
19.28308	-0.0397
19.29065	-0.03647
19.29823	-0.02958
19.3058	-0.02268
19.31338	-0.01589
19.32095	-0.00983
19.32852	-0.00377
19.3361	0.00229
19.34367	0.00835
19.35124	0.0134
19.35882	0.01573
19.36639	0.01807
19.37396	0.0204
19.38154	0.02273
19.38911	0.02506
19.39668	0.0274
19.40426	0.02973
19.41183	0.03207
19.41941	0.0344
19.42698	0.03677
19.43455	0.04116
19.44213	0.04555
19.4497	0.04995
19.45727	0.05434
19.46485	0.05498
19.47242	0.05386
19.47999	0.05274
19.48757	0.05162
19.49514	0.05051
19.50272	0.04939
19.51029	0.04827
19.51786	0.04715
19.52544	0.04604
19.53301	0.04492
19.54058	0.0438
19.54816	0.04268
19.55573	0.04157
19.5633	0.03967
19.57088	0.03734
19.57845	0.03501
19.58602	0.03268
19.5936	0.03036
19.60117	0.02803
19.60875	0.0257
19.61632	0.02337
19.62389	0.02105
19.63147	0.01872
19.63904	0.01718
19.64661	0.01589
19.65419	0.01475
19.66176	0.01361
19.66933	0.01247
19.67691	0.01133
19.68448	0.01019
19.69205	0.00905
19.69963	0.00791
19.7072	0.00677
19.71478	0.00476
19.72235	0.00272
19.72992	6.71584E-4
19.7375	-0.00135
19.74507	-0.00336
19.75264	-0.00538
19.76022	-0.00739
19.76779	-0.0094
19.77536	-0.01142
19.78294	-0.01181
19.79051	-0.01159
19.79809	-0.01138
19.80566	-0.01117
19.81323	-0.01095
19.82081	-0.01074
19.82838	-0.01053
19.83595	-0.01032
19.84353	-0.0101
19.8511	-0.00989
19.85867	-0.00968
19.86625	-0.00946
19.87382	-0.00925
19.88139	-0.00904
19.88897	-0.00883
19.89654	-0.00861
19.90412	-0.0084
19.91169	-0.00819
19.91926	-0.00797
19.92684	-0.00776
19.93441	-0.00755
19.94198	-0.00734
19.94956	-0.00712
19.95713	-0.00691
19.9647	-0.00546
19.97228	-0.00376
19.97985	-0.00206
19.98742	-3.6185E-4
19.995	0.00134
20.00257	0.00304
20.01015	0.00474
20.01772	0.00644
20.02529	0.00814
20.03287	0.00984
20.04044	0.00973
20.04801	0.00919
20.05559	0.00866
20.06316	0.00813
20.07073	0.00759
20.07831	0.00706
20.08588	0.00653
20.09346	0.00597
20.10103	0.00541
20.1086	0.00485
20.11618	0.00429
20.12375	0.00373
20.13132	0.00317
20.1389	0.00261
20.14647	0.00205
20.15404	0.00149
20.16162	9.02426E-4
20.16919	-0.00117
20.17676	-0.00325
20.18434	-0.00532
20.19191	-0.00739
20.19949	-0.00947
20.20706	-0.01154
20.21463	-0.01362
20.22221	-0.01569
20.22978	-0.01777
20.23735	-0.01984
20.24493	-0.02009
20.2525	-0.02013
20.26007	-0.02016
20.26765	-0.0202
20.27522	-0.02024
20.2828	-0.02028
20.29037	-0.02032
20.29794	-0.02036
20.30552	-0.0204
20.31309	-0.02044
20.32066	-0.02047
20.32824	-0.02051
20.33581	-0.02055
20.34338	-0.02059
20.35096	-0.02063
20.35853	-0.02067
20.3661	-0.02071
20.37368	-0.02075
20.38125	-0.02078
20.38883	-0.02082
20.3964	-0.02123
20.40397	-0.02195
20.41155	-0.02267
20.41912	-0.02339
20.42669	-0.02411
20.43427	-0.02483
20.44184	-0.02555
20.44941	-0.02625
20.45699	-0.02694
20.46456	-0.02763
20.47213	-0.02832
20.47971	-0.02901
20.48728	-0.0297
20.49486	-0.0304
20.50243	-0.03109
20.51	-0.03178
20.51758	-0.03256
20.52515	-0.03541
20.53272	-0.04071
20.5403	-0.04601
20.54787	-0.05125
20.55544	-0.05335
20.56302	-0.05545
20.57059	-0.05755
20.57817	-0.05965
20.58574	-0.06175
20.59331	-0.06385
20.60089	-0.06595
20.60846	-0.06805
20.61603	-0.07014
20.62361	-0.07224
20.63118	-0.07434
20.63875	-0.07644
20.64633	-0.07854
20.6539	-0.07467
20.66147	-0.07041
20.66905	-0.06616
20.67662	-0.0619
20.6842	-0.05764
20.69177	-0.05339
20.69934	-0.04913
20.70692	-0.04488
20.71449	-0.04062
20.72206	-0.03636
20.72964	-0.03211
20.73721	-0.02785
20.74478	-0.0236
20.75236	-0.03376
20.75993	-0.04434
20.76751	-0.04008
20.77508	-0.03582
20.78265	-0.03156
20.79023	-0.0273
20.7978	-0.02304
20.80537	-0.01878
20.81295	-0.01452
20.82052	-0.01025
20.82809	-0.00598
20.83567	-0.00171
20.84324	0.00255
20.85081	0.00682
20.85839	0.01109
20.86596	0.01302
20.87354	0.01269
20.88111	0.01237
20.88868	0.01204
20.89626	0.01171
20.90383	0.01138
20.9114	0.01105
20.91898	0.01072
20.92655	0.01039
20.93412	0.01006
20.9417	0.00973
20.94927	0.0094
20.95684	0.00907
20.96442	0.00874
20.97199	0.00841
20.97957	0.00808
20.98714	0.00775
20.99471	0.00742
21.00229	0.0071
21.00986	0.00677
21.01743	0.00644
21.02501	0.00611
21.03258	0.00578
21.04015	0.00545
21.04773	0.00512
21.0553	0.00479
21.06288	0.00446
21.07045	0.00413
21.07802	0.0038
21.0856	0.00347
21.09317	0.00407
21.10074	0.00626
21.10832	0.00845
21.11589	0.01063
21.12346	0.01282
21.13104	0.015
21.13861	0.01719
21.14618	0.01937
21.15376	0.02156
21.16133	0.02374
21.16891	0.02593
21.17648	0.02811
21.18405	0.0303
21.19163	0.03249
21.1992	0.03467
21.20677	0.03686
21.21435	0.03902
21.22192	0.04119
21.22949	0.04098
21.23707	0.038
21.24464	0.03502
21.25221	0.03204
21.25979	0.02906
21.26736	0.02608
21.27494	0.0231
21.28251	0.02012
21.29008	0.01714
21.29766	0.01446
21.30523	0.01214
21.3128	0.00981
21.32038	0.00748
21.32795	0.00515
21.33552	0.00282
21.3431	4.96424E-4
21.35067	-0.00183
21.35825	-0.00414
21.36582	-0.00643
21.37339	-0.00873
21.38097	-0.01102
21.38854	-0.01332
21.39611	-0.01561
21.40369	-0.0179
21.41126	-0.0202
21.41883	-0.02249
21.42641	-0.02479
21.43398	-0.02708
21.44155	-0.02937
21.44913	-0.03167
21.4567	-0.03165
21.46428	-0.04051
21.47185	-0.05695
21.47942	-0.07009
21.487	-0.0669
21.49457	-0.06371
21.50214	-0.06053
21.50972	-0.05734
21.51729	-0.05415
21.52486	-0.05097
21.53244	-0.04778
21.54001	-0.0446
21.54759	-0.04141
21.55516	-0.03822
21.56273	-0.03504
21.57031	-0.03185
21.57788	-0.02866
21.58545	-0.02548
21.59303	-0.02226
21.6006	-0.01903
21.60817	-0.0158
21.61575	-0.01257
21.62332	-0.00934
21.63089	-0.00611
21.63847	-0.00288
21.64604	3.45162E-4
21.65362	0.00357
21.66119	0.0068
21.66876	0.01003
21.67634	0.01063
21.68391	0.01107
21.69148	0.0115
21.69906	0.01193
21.70663	0.01236
21.7142	0.01279
21.72178	0.01323
21.72935	0.01366
21.73692	0.01409
21.7445	0.01452
21.75207	0.01495
21.75965	0.01539
21.76722	0.01582
21.77479	0.01625
21.78237	0.01668
21.78994	0.01711
21.79751	0.01755
21.80509	0.01798
21.81266	0.01841
21.82023	0.01884
21.82781	0.01927
21.83538	0.0197
21.84296	0.02014
21.85053	0.02057
21.8581	0.021
21.86568	0.02143
21.87325	0.02186
21.88082	0.0223
21.8884	0.02273
21.89597	0.02294
21.90354	0.02121
21.91112	0.01948
21.91869	0.01775
21.92626	0.01601
21.93384	0.01428
21.94141	0.01242
21.94899	0.01056
21.95656	0.00869
21.96413	0.00683
21.97171	0.00496
21.97928	0.00356
21.98685	0.00224
21.99443	9.26136E-4
22.002	-4.01313E-4
22.00957	-0.00179
22.01715	-0.00318
22.02472	-0.00456
22.03229	-0.00595
22.03987	-0.00734
22.04744	-0.00873
22.05502	-0.01012
22.06259	-0.00979
22.07016	-0.00904
22.07774	-0.0083
22.08531	-0.00755
22.09288	-0.00681
22.10046	-0.00606
22.10803	-0.00532
22.1156	-0.00458
22.12318	-0.00383
22.13075	-0.00309
22.13833	-0.00234
22.1459	-0.0016
22.15347	-8.52541E-4
22.16105	-1.08045E-4
22.16862	6.3645E-4
22.17619	0.00138
22.18377	0.00213
22.19134	0.00287
22.19891	0.00361
22.20649	0.00436
22.21406	0.0051
22.22163	0.00585
22.22921	0.00527
22.23678	0.00386
22.24436	0.00245
22.25193	0.00103
22.2595	-3.80529E-4
22.26708	-0.00179
22.27465	-0.00321
22.28222	-0.00462
22.2898	-0.00603
22.29737	-0.00745
22.30494	-0.00886
22.31252	-0.01027
22.32009	-0.01168
22.32767	-0.0131
22.33524	-0.01451
22.34281	-0.01427
22.35039	-0.0134
22.35796	-0.01253
22.36553	-0.01166
22.37311	-0.01078
22.38068	-0.00991
22.38825	-0.00904
22.39583	-0.00815
22.4034	-0.0072
22.41097	-0.00625
22.41855	-0.0053
22.42612	-0.00435
22.4337	-0.0034
22.44127	-0.00245
22.44884	-0.0015
22.45642	-5.48103E-4
22.46399	4.0192E-4
22.47156	0.00135
22.47914	0.0023
22.48671	0.00325
22.49428	0.0042
22.50186	0.00495
22.50943	0.00551
22.517	0.00606
22.52458	0.00662
22.53215	0.00717
22.53973	0.00773
22.5473	0.00828
22.55487	0.00884
22.56245	0.00939
22.57002	0.00995
22.57759	0.0105
22.58517	0.01106
22.59274	0.01161
22.60031	0.01217
22.60789	0.01272
22.61546	0.01328
22.62304	0.01383
22.63061	0.01439
22.63818	0.01496
22.64576	0.01554
22.65333	0.01612
22.6609	0.0167
22.66848	0.01727
22.67605	0.01785
22.68362	0.01671
22.6912	0.01442
22.69877	0.01214
22.70634	0.00985
22.71392	0.00757
22.72149	0.00528
22.72907	0.00299
22.73664	7.18477E-4
22.74421	-5.79113E-4
22.75179	-0.00188
22.75936	-0.00317
22.76693	-0.00447
22.77451	-0.00577
22.78208	-0.00707
22.78965	-0.00836
22.79723	-0.00968
22.8048	-0.01103
22.81237	-0.01237
22.81995	-0.01372
22.82752	-0.01506
22.8351	-0.01641
22.84267	-0.01776
22.85024	-0.0191
22.85782	-0.02045
22.86539	-0.0209
22.87296	-0.02048
22.88054	-0.02006
22.88811	-0.01965
22.89568	-0.01923
22.90326	-0.01881
22.91083	-0.01839
22.91841	-0.01798
22.92598	-0.01756
22.93355	-0.01714
22.94113	-0.01672
22.9487	-0.01631
22.95627	-0.01589
22.96385	-0.01547
22.97142	-0.01506
22.97899	-0.01464
22.98657	-0.01422
22.99414	-0.0138
23.00171	-0.01339
23.00929	-0.01297
23.01686	-0.01255
23.02444	-0.01213
23.03201	-0.01172
23.03958	-0.0113
23.04716	-0.01088
23.05473	-0.01046
23.0623	-0.01005
23.06988	-0.00963
23.07745	-0.00921
23.08502	-0.00886
23.0926	-0.0092
23.10017	-0.00954
23.10775	-0.00988
23.11532	-0.01022
23.12289	-0.01056
23.13047	-0.0109
23.13804	-0.01123
23.14561	-0.01157
23.15319	-0.01191
23.16076	-0.01225
23.16833	-0.01259
23.17591	-0.01293
23.18348	-0.01327
23.19105	-0.01361
23.19863	-0.01395
23.2062	-0.01427
23.21378	-0.01459
23.22135	-0.0149
23.22892	-0.01521
23.2365	-0.01399
23.24407	-0.01224
23.25164	-0.01048
23.25922	-0.00872
23.26679	-0.00697
23.27436	-0.00521
23.28194	-0.00345
23.28951	-0.00169
23.29708	6.23816E-5
23.30466	0.00182
23.31223	0.00358
23.31981	0.00521
23.32738	0.00536
23.33495	0.00551
23.34253	0.00565
23.3501	0.0058
23.35767	0.00595
23.36525	0.00609
23.37282	0.00624
23.38039	0.00639
23.38797	0.00653
23.39554	0.00668
23.40312	0.00682
23.41069	0.00697
23.41826	0.00712
23.42584	0.00726
23.43341	0.00741
23.44098	0.00756
23.44856	0.0077
23.45613	0.00785
23.4637	0.008
23.47128	0.00814
23.47885	0.00829
23.48642	0.00844
23.494	0.00858
23.50157	0.00873
23.50915	0.00887
23.51672	0.00902
23.52429	0.00917
23.53187	0.00931
23.53944	0.00946
23.54701	0.00961
23.55459	0.00975
23.56216	0.00937
23.56973	0.00881
23.57731	0.00825
23.58488	0.00769
23.59245	0.007
23.60003	0.00626
23.6076	0.00552
23.61518	0.00477
23.62275	0.00403
23.63032	0.00329
23.6379	0.00254
23.64547	0.0018
23.65304	0.00106
23.66062	3.15557E-4
23.66819	-4.27098E-4
23.67576	-0.00117
23.68334	-0.00191
23.69091	-0.00266
23.69849	-0.0034
23.70606	-0.00414
23.71363	-0.00488
23.72121	-0.00563
23.72878	-0.00637
23.73635	-0.00711
23.74393	-0.00785
23.7515	-0.0086
23.75907	-0.00934
23.76665	-0.01008
23.77422	-0.01082
23.78179	-0.01157
23.78937	-0.01199
23.79694	-0.01199
23.80452	-0.01199
23.81209	-0.01199
23.81966	-0.01199
23.82724	-0.01199
23.83481	-0.01199
23.84238	-0.01199
23.84996	-0.01199
23.85753	-0.01199
23.8651	-0.01199
23.87268	-0.01199
23.88025	-0.01199
23.88783	-0.01199
23.8954	-0.01199
23.90297	-0.01199
23.91055	-0.01199
23.91812	-0.01199
23.92569	-0.01199
23.93327	-0.01199
23.94084	-0.01199
23.94841	-0.01199
23.95599	-0.01199
23.96356	-0.01199
23.97113	-0.01199
23.97871	-0.01199
23.98628	-0.01199
23.99386	-0.01199
24.00143	-0.01199
24.009	-0.01199
24.01658	-0.01199
24.02415	-0.01199
24.03172	-0.01199
24.0393	-0.01192
24.04687	-0.01142
24.05444	-0.01092
24.06202	-0.01043
24.06959	-0.00993
24.07716	-0.00943
24.08474	-0.00893
24.09231	-0.00844
24.09989	-0.00794
24.10746	-0.00744
24.11503	-0.00694
24.12261	-0.00644
24.13018	-0.00595
24.13775	-0.00545
24.14533	-0.00495
24.1529	-0.00445
24.16047	-0.00396
24.16805	-0.00346
24.17562	-0.00296
24.1832	-0.00246
24.19077	-0.00197
24.19834	-0.00147
24.20592	-9.70488E-4
24.21349	-4.72823E-4
24.22106	2.48405E-5
24.22864	5.22505E-4
24.23621	0.00102
24.24378	0.00152
24.25136	0.00202
24.25893	0.00251
24.2665	0.00301
24.27408	0.00351
24.28165	0.00401
24.28923	0.00381
24.2968	0.00349
24.30437	0.00316
24.31195	0.00284
24.31952	0.00252
24.32709	0.0022
24.33467	0.00188
24.34224	0.00156
24.34981	0.00124
24.35739	9.15564E-4
24.36496	5.94263E-4
24.37254	2.72962E-4
24.38011	-4.83393E-5
24.38768	-3.6964E-4
24.39526	-6.90942E-4
24.40283	-0.00101
24.4104	-0.00133
24.41798	-0.00165
24.42555	-0.00198
24.43312	-0.0023
24.4407	-0.00262
24.44827	-0.00294
24.45584	-0.00326
24.46342	-0.00358
24.47099	-0.00389
24.47857	-0.00419
24.48614	-0.00449
24.49371	-0.00478
24.50129	-0.00508
24.50886	-0.00538
24.51643	-0.0057
24.52401	-0.00611
24.53158	-0.00652
24.53915	-0.00693
24.54673	-0.00734
24.5543	-0.00775
24.56187	-0.00816
24.56945	-0.00856
24.57702	-0.00897
24.5846	-0.00938
24.59217	-0.00979
24.59974	-0.0102
24.60732	-0.01061
24.61489	-0.01101
24.62246	-0.01142
24.63004	-0.01183
24.63761	-0.01224
24.64518	-0.01265
24.65276	-0.01306
24.66033	-0.01346
24.66791	-0.01387
24.67548	-0.01428
24.68305	-0.01469
24.69063	-0.01426
24.6982	-0.01343
24.70577	-0.0126
24.71335	-0.01176
24.72092	-0.01093
24.72849	-0.0101
24.73607	-0.00927
24.74364	-0.00843
24.75121	-0.0076
24.75879	-0.00677
24.76636	-0.00594
24.77394	-0.00511
24.78151	-0.00427
24.78908	-0.00344
24.79666	-0.00261
24.80423	-0.00178
24.8118	-9.43993E-4
24.81938	-1.11771E-4
24.82695	7.20451E-4
24.83452	0.00155
24.8421	0.00238
24.84967	0.00322
24.85724	0.00405
24.86482	0.00488
24.87239	0.00571
24.87997	0.00655
24.88754	0.00738
24.89511	0.00827
24.90269	0.01002
24.91026	0.01172
24.91783	0.01339
24.92541	0.01506
24.93298	0.01673
24.94055	0.0184
24.94813	0.02007
24.9557	0.02174
24.96328	0.02341
24.97085	0.0239
24.97842	0.02218
24.986	0.0203
24.99357	0.01838
25.00114	0.01647
25.00872	0.01455
25.01629	0.01263
25.02386	0.01071
25.03144	0.00879
25.03901	0.00687
25.04658	0.00495
25.05416	0.00303
25.06173	0.00111
25.06931	-9.72694E-4
25.07688	-0.0031
25.08445	-0.00522
25.09203	-0.00734
25.0996	-0.00947
25.10717	-0.01159
25.11475	-0.01371
25.12232	-0.01584
25.12989	-0.01796
25.13747	-0.02008
25.14504	-0.02221
25.15262	-0.02433
25.16019	-0.02618
25.16776	-0.02711
25.17534	-0.02804
25.18291	-0.02897
25.19048	-0.0299
25.19806	-0.03083
25.20563	-0.03176
25.2132	-0.03269
25.22078	-0.03362
25.22835	-0.03455
25.23592	-0.03548
25.2435	-0.03641
25.25107	-0.03734
25.25865	-0.03827
25.26622	-0.0392
25.27379	-0.04013
25.28137	-0.04106
25.28894	-0.04199
25.29651	-0.04292
25.30409	-0.04384
25.31166	-0.04477
25.31923	-0.0457
25.32681	-0.04663
25.33438	-0.04756
25.34195	-0.04849
25.34953	-0.04942
25.3571	-0.05035
25.36468	-0.05128
25.37225	-0.05165
25.37982	-0.05107
25.3874	-0.0505
25.39497	-0.04992
25.40254	-0.04934
25.41012	-0.04876
25.41769	-0.04818
25.42526	-0.0476
25.43284	-0.04702
25.44041	-0.04644
25.44799	-0.04586
25.45556	-0.04528
25.46313	-0.0447
25.47071	-0.04412
25.47828	-0.04354
25.48585	-0.04296
25.49343	-0.04238
25.501	-0.0418
25.50857	-0.04122
25.51615	-0.03915
25.52372	-0.03634
25.53129	-0.03353
25.53887	-0.03072
25.54644	-0.02791
25.55402	-0.0251
25.56159	-0.02229
25.56916	-0.01948
25.57674	-0.01667
25.58431	-0.01386
25.59188	-0.01171
25.59946	-0.01045
25.60703	-0.0092
25.6146	-0.00795
25.62218	-0.0067
25.62975	-0.00545
25.63732	-0.0042
25.6449	-0.00294
25.65247	-0.00169
25.66005	-4.40711E-4
25.66762	8.1105E-4
25.67519	0.00164
25.68277	0.00145
25.69034	0.00126
25.69791	0.00106
25.70549	8.68734E-4
25.71306	6.75096E-4
25.72063	4.81458E-4
25.72821	2.87821E-4
25.73578	9.41828E-5
25.74336	-9.94549E-5
25.75093	-2.93093E-4
25.7585	-4.8673E-4
25.76608	-6.80368E-4
25.77365	-8.74006E-4
25.78122	-0.00107
25.7888	-0.00126
25.79637	-0.00145
25.80394	-0.00165
25.81152	-0.00184
25.81909	-0.00204
25.82666	-0.00223
25.83424	-0.00242
25.84181	-0.00262
25.84939	-0.00281
25.85696	-0.003
25.86453	-0.0032
25.87211	-0.00337
25.87968	-0.00351
25.88725	-0.00365
25.89483	-0.0038
25.9024	-0.00394
25.90997	-0.00408
25.91755	-0.00423
25.92512	-0.00437
25.9327	-0.00451
25.94027	-0.00465
25.94784	-0.0048
25.95542	-0.00494
25.96299	-0.00508
25.97056	-0.00523
25.97814	-0.00537
25.98571	-0.00551
25.99328	-0.00565
26.00086	-0.0058
26.00843	-0.00594
26.016	-0.00608
26.02358	-0.00623
26.03115	-0.00637
26.03873	-0.00651
26.0463	-0.00666
26.05387	-0.0068
26.06145	-0.00694
26.06902	-0.00708
26.07659	-0.00723
26.08417	-0.00737
26.09174	-0.00751
26.09931	-0.00766
26.10689	-0.0078
26.11446	-0.00794
26.12203	-0.00808
26.12961	-0.00788
26.13718	-0.00742
26.14476	-0.00696
26.15233	-0.0065
26.1599	-0.00605
26.16748	-0.00559
26.17505	-0.00513
26.18262	-0.00467
26.1902	-0.00421
26.19777	-0.00376
26.20534	-0.0033
26.21292	-0.00284
26.22049	-0.00238
26.22807	-0.00193
26.23564	-0.00147
26.24321	-0.00101
26.25079	-5.51939E-4
26.25836	-9.40951E-5
26.26593	-4.69155E-5
26.27351	-0.00162
26.28108	-0.0032
26.28865	-0.00478
26.29623	-0.00635
26.3038	-0.00793
26.31137	-0.0095
26.31895	-0.01108
26.32652	-0.01266
26.3341	-0.01422
26.34167	-0.01578
26.34924	-0.01733
26.35682	-0.01889
26.36439	-0.0204
26.37196	-0.01917
26.37954	-0.01793
26.38711	-0.01669
26.39468	-0.01546
26.40226	-0.01422
26.40983	-0.01298
26.4174	-0.01175
26.42498	-0.01051
26.43255	-0.00927
26.44013	-0.00804
26.4477	-0.0068
26.45527	-0.00556
26.46285	-0.00433
26.47042	-0.00309
26.47799	-0.00185
26.48557	-6.17891E-4
26.49314	6.18635E-4
26.50071	0.00186
26.50829	0.00309
26.51586	0.00433
26.52344	0.00556
26.53101	0.0068
26.53858	0.00804
26.54616	0.00927
26.55373	0.01051
26.5613	0.01175
26.56888	0.01164
26.57645	0.0101
26.58402	0.00856
26.5916	0.00702
26.59917	0.00549
26.60674	0.00395
26.61432	0.00241
26.62189	8.75105E-4
26.62947	-6.62257E-4
26.63704	-0.0022
26.64461	-0.00374
26.65219	-0.00527
26.65976	-0.00681
26.66733	-0.00835
26.67491	-0.00989
26.68248	-0.01142
26.69005	-0.01296
26.69763	-0.0145
26.7052	-0.01604
26.71278	-0.01757
26.72035	-0.01911
26.72792	-0.02065
26.7355	-0.02172
26.74307	-0.02119
26.75064	-0.02067
26.75822	-0.02014
26.76579	-0.01961
26.77336	-0.01909
26.78094	-0.01856
26.78851	-0.01803
26.79608	-0.0175
26.80366	-0.01699
26.81123	-0.0165
26.81881	-0.01602
26.82638	-0.01553
26.83395	-0.01505
26.84153	-0.01456
26.8491	-0.01407
26.85667	-0.01359
26.86425	-0.0131
26.87182	-0.01262
26.87939	-0.01213
26.88697	-0.01164
26.89454	-0.01116
26.90211	-0.01067
26.90969	-0.01019
26.91726	-0.0097
26.92484	-0.00921
26.93241	-0.00873
26.93998	-0.00824
26.94756	-0.00776
26.95513	-0.00727
26.9627	-0.00628
26.97028	-0.00498
26.97785	-0.00368
26.98542	-0.00237
26.993	-0.00107
27.00057	2.26461E-4
27.00815	0.00153
27.01572	0.00283
27.02329	0.00413
27.03087	0.00543
27.03844	0.00673
27.04601	0.00803
27.05359	0.00933
27.06116	0.01063
27.06873	0.01193
27.07631	0.01323
27.08388	0.01453
27.09145	0.01583
27.09903	0.01714
27.1066	0.01844
27.11418	0.01974
27.12175	0.02104
27.12932	0.02234
27.1369	0.02458
27.14447	0.02716
27.15204	0.02974
27.15962	0.03232
27.16719	0.0349
27.17476	0.03748
27.18234	0.04006
27.18991	0.04117
27.19748	0.03511
27.20506	0.02904
27.21263	0.02297
27.22021	0.01691
27.22778	0.01084
27.23535	0.00478
27.24293	-0.00129
27.2505	-0.0038
27.25807	-0.00385
27.26565	-0.0039
27.27322	-0.00395
27.28079	-0.004
27.28837	-0.00401
27.29594	-0.00402
27.30352	-0.00403
27.31109	-0.00404
27.31866	-0.00405
27.32624	-0.00406
27.33381	-0.00407
27.34138	-0.00408
27.34896	-0.00409
27.35653	-0.0041
27.3641	-0.00411
27.37168	-0.00412
27.37925	-0.00413
27.38682	-0.00458
27.3944	-0.00589
27.40197	-0.0072
27.40955	-0.00851
27.41712	-0.00983
27.42469	-0.01114
27.43227	-0.01245
27.43984	-0.01376
27.44741	-0.01508
27.45499	-0.01639
27.46256	-0.0177
27.47013	-0.01901
27.47771	-0.02033
27.48528	-0.02164
27.49286	-0.02182
27.50043	-0.0212
27.508	-0.02058
27.51558	-0.01996
27.52315	-0.01934
27.53072	-0.01872
27.5383	-0.0181
27.54587	-0.01748
27.55344	-0.01686
27.56102	-0.01624
27.56859	-0.01562
27.57616	-0.015
27.58374	-0.01438
27.59131	-0.01376
27.59889	-0.01314
27.60646	-0.01252
27.61403	-0.01191
27.62161	-0.01129
27.62918	-0.01067
27.63675	-0.01005
27.64433	-0.00943
27.6519	-0.00881
27.65947	-0.00819
27.66705	-0.00757
27.67462	-0.00695
27.68219	-0.00633
27.68977	-0.00571
27.69734	-0.00509
27.70492	-0.00447
27.71249	-0.00385
27.72006	-0.00323
27.72764	-0.00261
27.73521	-0.00199
27.74278	-0.00137
27.75036	-7.53625E-4
27.75793	-1.3408E-4
27.7655	4.85465E-4
27.77308	0.00104
27.78065	0.00156
27.78823	0.00208
27.7958	0.0026
27.80337	0.00311
27.81095	0.00363
27.81852	0.00415
27.82609	0.00466
27.83367	0.00514
27.84124	0.00563
27.84881	0.00612
27.85639	0.00661
27.86396	0.00709
27.87153	0.00758
27.87911	0.00807
27.88668	0.00856
27.89426	0.00904
27.90183	0.00953
27.9094	0.01002
27.91698	0.0105
27.92455	0.0102
27.93212	0.00912
27.9397	0.00804
27.94727	0.00696
27.95484	0.00588
27.96242	0.0048
27.96999	0.00372
27.97757	0.00264
27.98514	0.00156
27.99271	4.80064E-4
28.00029	-6.00072E-4
28.00786	-0.00168
28.01543	-0.00276
28.02301	-0.00384
28.03058	-0.00492
28.03815	-0.006
28.04573	-0.00708
28.0533	-0.00816
28.06087	-0.00924
28.06845	-0.01095
28.07602	-0.01281
28.0836	-0.01467
28.09117	-0.01653
28.09874	-0.0184
28.10632	-0.02026
28.11389	-0.02212
28.12146	-0.02398
28.12904	-0.02585
28.13661	-0.02771
28.14418	-0.02957
28.15176	-0.03143
28.15933	-0.0333
28.1669	-0.03516
28.17448	-0.03702
28.18205	-0.03888
28.18963	-0.04075
28.1972	-0.04093
28.20477	-0.03983
28.21235	-0.03873
28.21992	-0.03764
28.22749	-0.03654
28.23507	-0.03545
28.24264	-0.03435
28.25021	-0.03325
28.25779	-0.03216
28.26536	-0.03106
28.27294	-0.02997
28.28051	-0.02887
28.28808	-0.02777
28.29566	-0.02668
28.30323	-0.02558
28.3108	-0.02449
28.31838	-0.02339
28.32595	-0.02229
28.33352	-0.0212
28.3411	-0.0201
28.34867	-0.019
28.35624	-0.01791
28.36382	-0.01681
28.37139	-0.01572
28.37897	-0.01462
28.38654	-0.01352
28.39411	-0.01243
28.40169	-0.01133
28.40926	-0.01024
28.41683	-0.00914
28.42441	-0.00804
28.43198	-0.00695
28.43955	-0.00585
28.44713	-0.00476
28.4547	-0.00366
28.46227	-0.00256
28.46985	-0.00375
28.47742	-0.01072
28.485	-0.01768
28.49257	-0.02376
28.50014	-0.02272
28.50772	-0.02167
28.51529	-0.02063
28.52286	-0.01995
28.53044	-0.01929
28.53801	-0.01863
28.54558	-0.01797
28.55316	-0.01731
28.56073	-0.01665
28.56831	-0.01599
28.57588	-0.01533
28.58345	-0.01467
28.59103	-0.01401
28.5986	-0.01336
28.60617	-0.0127
28.61375	-0.01204
28.62132	-0.01138
28.62889	-0.01072
28.63647	-0.01006
28.64404	-0.0094
28.65161	-0.00874
28.65919	-0.00808
28.66676	-0.00742
28.67434	-0.00676
28.68191	-0.0061
28.68948	-0.00545
28.69706	-0.00479
28.70463	-0.00413
28.7122	-0.00347
28.71978	-0.00281
28.72735	-0.00215
28.73492	-0.00149
28.7425	-8.32063E-4
28.75007	-1.72955E-4
28.75765	5.49591E-4
28.76522	0.00271
28.77279	0.00486
28.78037	0.00702
28.78794	0.00917
28.79551	0.01133
28.80309	0.01349
28.81066	0.01564
28.81823	0.0178
28.82581	0.01996
28.83338	0.02046
28.84095	0.01869
28.84853	0.01693
28.8561	0.01516
28.86368	0.01339
28.87125	0.01163
28.87882	0.00986
28.8864	0.00809
28.89397	0.00633
28.90154	0.00456
28.90912	0.00279
28.91669	0.00103
28.92426	-7.39378E-4
28.93184	-0.00251
28.93941	-0.00427
28.94698	-0.00604
28.95456	-0.00781
28.96213	-0.00957
28.96971	-0.01134
28.97728	-0.01311
28.98485	-0.01487
28.99243	-0.02101
29	-0.03166
